0.9
1.8
2.2
1.0
-0.2
-2.1
-3.3
-3.8
-4.3
-4.3
-5.0
-5.7
-7.5
-10.2
-13.4
-16.6
-19.5
-21.2
-22.9
-24.1
-24.9
-25.5
-26.1
-27.1
-28.1
-29.2
-30.3
-31.3
-32.3
-33.3
-34.8
-36.5
-38.1
-39.7
-41.3
-42.9
-44.5
-46.1
-47.4
-48.5
-49.6
-50.9
-52.4
-53.9
-56.0
-58.3
-60.2
-62.1
-63.7
-65.1
-66.5
-68.0
-69.6
-71.2
-72.8
-74.3
-75.5
-76.7
-77.9
-79.4
-81.9
-84.4
-88.3
-92.5
-96.9
-101.3
-106.1
-111.8
-117.5
-124.1
-132.2
-141.3
-150.4
-158.4
-164.7
-171.0
-176.1
-181.1
-187.2
-193.3
-200.3
-207.2
-214.1
-220.1
-225.0
-229.4
-233.8
-238.2
-242.7
-247.2
-251.7
-255.8
-258.4
-261.0
-262.1
-263.1
-264.1
-266.3
-269.4
-273.2
-277.0
-280.7
-284.1
-288.6
-293.1
-299.7
-307.4
-315.1
-323.3
-331.8
-341.0
-350.2
-360.2
-370.4
-380.6
-390.7
-400.5
-409.8
-419.1
-428.1
-436.3
-444.5
-452.0
-458.5
-464.2
-469.9
-475.1
-480.2
-485.3
-489.7
-492.7
-494.3
-495.9
-497.5
-501.2
-506.4
-511.6
-517.2
-522.8
-528.4
-533.9
-540.5
-548.8
-557.1
-567.2
-578.1
-589.0
-598.7
-606.5
-612.9
-619.3
-625.6
-632.1
-638.6
-645.8
-652.7
-658.7
-664.7
-668.9
-671.5
-674.1
-675.2
-675.0
-673.7
-672.4
-670.3
-667.6
-664.9
-662.3
-659.9
-658.3
-656.7
-656.4
-657.1
-659.7
-662.3
-666.4
-671.6
-676.8
-683.0
-690.0
-697.2
-704.4
-711.5
-718.8
-726.1
-733.6
-741.1
-747.4
-753.7
-757.7
-759.6
-761.5
-762.1
-762.5
-762.6
-762.7
-762.2
-761.2
-760.2
-758.6
-757.1
-756.7
-756.3
-756.5
-756.6
-756.0
-755.4
-753.5
-751.5
-749.5
-748.5
-749.3
-750.9
-752.5
-754.3
-755.0
-755.7
-755.9
-755.8
-755.3
-754.8
-754.1
-753.1
-752.1
-750.7
-748.1
-744.0
-739.9
-734.9
-730.4
-725.9
-722.6
-721.1
-720.6
-720.1
-720.2
-721.2
-722.2
-724.1
-726.9
-729.7
-732.5
-734.9
-736.8
-738.0
-739.2
-740.8
-742.8
-744.8
-747.3
-749.6
-751.0
-752.4
-752.8
-752.9
-753.0
-754.2
-757.0
-760.8
-764.6
-767.6
-768.6
-769.6
-769.0
-768.2
-768.3
-768.4
-769.8
-772.1
-774.4
-776.8
-779.4
-782.9
-786.4
-790.6
-794.7
-798.8
-802.4
-805.5
-807.7
-809.9
-811.8
-813.3
-814.8
-816.4
-818.4
-820.4
-822.4
-824.3
-825.0
-825.1
-825.2
-824.9
-824.4
-823.9
-823.1
-822.0
-819.5
-817.0
-813.9
-810.9
-807.9
-806.1
-805.4
-805.3
-805.2
-806.6
-810.2
-813.8
-819.3
-825.9
-832.3
-838.7
-845.2
-852.5
-859.8
-867.5
-874.3
-879.6
-884.9
-889.9
-896.7
-903.5
-914.7
-931.0
-955.7
-980.4
-1002.5
-1019.1
-1035.7
-1045.8
-1051.1
-1052.6
-1054.1
-1054.0
-1052.5
-1049.6
-1046.7
-1044.2
-1042.2
-1040.2
-1038.2
-1034.4
-1028.8
-1023.2
-1016.8
-1010.4
-1004.0
-998.7
-993.8
-988.8
-983.8
-978.7
-973.3
-967.9
-961.8
-955.1
-947.4
-939.7
-932.2
-926.2
-920.2
-916.0
-914.6
-914.8
-915.0
-916.0
-917.5
-919.0
-921.9
-926.9
-933.6
-940.3
-947.5
-953.5
-958.8
-964.1
-969.9
-976.1
-982.3
-988.1
-992.8
-995.6
-998.4
-998.5
-998.3
-998.1
-999.6
-1004.1
-1011.7
-1019.3
-1027.0
-1033.4
-1039.8
-1045.0
-1049.0
-1052.6
-1056.2
-1059.8
-1063.3
-1065.4
-1067.5
-1068.8
-1070.2
-1071.6
-1073.1
-1075.4
-1077.6
-1079.8
-1081.3
-1081.9
-1082.5
-1083.0
-1084.3
-1086.1
-1087.9
-1090.4
-1092.2
-1094.0
-1096.0
-1099.7
-1104.9
-1110.1
-1117.3
-1125.4
-1133.5
-1141.5
-1148.8
-1155.1
-1161.4
-1168.1
-1177.0
-1185.9
-1195.5
-1204.6
-1212.1
-1219.6
-1226.9
-1235.8
-1248.2
-1260.6
-1276.3
-1293.6
-1310.9
-1328.1
-1345.4
-1362.3
-1379.2
-1397.8
-1417.2
-1436.6
-1454.4
-1469.6
-1484.8
-1498.0
-1510.6
-1524.4
-1538.2
-1552.4
-1564.4
-1571.3
-1578.2
-1586.3
-1597.4
-1608.5
-1620.4
-1630.4
-1634.5
-1638.6
-1640.7
-1641.7
-1642.7
-1642.8
-1641.5
-1637.5
-1633.5
-1626.5
-1618.1
-1607.0
-1595.9
-1582.3
-1567.2
-1552.1
-1536.4
-1522.6
-1511.4
-1500.2
-1493.0
-1487.3
-1481.6
-1473.2
-1462.4
-1451.6
-1438.2
-1424.6
-1411.4
-1398.2
-1385.4
-1374.0
-1359.9
-1345.8
-1331.1
-1318.6
-1306.1
-1300.9
-1295.2
-1293.3
-1291.4
-1284.7
-1274.7
-1263.2
-1251.7
-1237.1
-1222.2
-1207.3
-1195.7
-1188.5
-1185.9
-1183.3
-1178.5
-1172.2
-1165.9
-1154.9
-1141.8
-1122.1
-1102.4
-1079.0
-1054.3
-1029.6
-1008.3
-994.8
-994.3
-993.8
-1003.7
-1028.7
-1053.7
-1088.6
-1137.2
-1191.4
-1245.6
-1304.5
-1354.9
-1405.3
-1438.5
-1450.8
-1463.1
-1457.3
-1431.2
-1389.3
-1338.2
-1287.1
-1234.5
-1187.2
-1139.9
-1108.0
-1104.5
-1129.3
-1154.1
-1213.3
-1287.2
-1361.1
-1438.5
-1510.0
-1581.5
-1643.4
-1690.5
-1737.6
-1769.1
-1785.1
-1792.5
-1792.0
-1791.5
-1793.4
-1811.6
-1829.8
-1870.2
-1935.2
-2006.3
-2077.4
-2102.3
-2127.2
-2152.1
-2177.0
-2182.5
-2176.3
-2163.6
-2141.8
-2115.6
-2076.9
-2038.2
-1985.6
-1923.0
-1860.4
-1795.2
-1726.1
-1662.8
-1599.5
-1539.2
-1479.3
-1419.4
-1364.7
-1313.4
-1268.6
-1223.8
-1179.6
-1135.8
-1092.0
-1049.2
-1011.1
-979.5
-947.9
-919.0
-892.3
-865.6
-839.0
-814.9
-791.7
-768.5
-747.1
-726.2
-705.3
-685.1
-667.3
-650.7
-634.1
-618.2
-601.8
-585.3
-568.8
-552.7
-536.5
-520.3
-504.2
-488.6
-474.2
-459.8
-446.3
-433.2
-420.1
-406.6
-393.8
-383.3
-372.8
-365.3
-359.4
-353.5
-348.8
-345.6
-346.6
-347.6
-352.6
-362.9
-377.4
-391.9
-409.1
-428.4
-447.7
-468.4
-490.9
-513.4
-534.7
-552.8
-567.4
-582.0
-594.7
-607.2
-620.4
-633.6
-649.1
-667.7
-686.3
-708.6
-733.9
-759.7
-785.5
-808.2
-827.5
-846.8
-863.7
-878.3
-888.5
-898.7
-905.2
-908.1
-911.0
-911.6
-908.3
-901.3
-894.3
-884.1
-871.8
-859.5
-847.7
-840.7
-838.2
-835.7
-836.8
-839.9
-840.7
-841.5
-838.4
-831.6
-824.8
-812.3
-801.2
-790.1
-778.8
-765.6
-751.6
-737.6
-722.6
-704.1
-683.5
-662.9
-639.3
-616.2
-593.1
-570.3
-548.2
-524.8
-501.4
-476.7
-452.9
-433.5
-414.1
-403.1
-400.6
-398.1
-403.3
-415.8
-428.3
-443.8
-458.5
-470.2
-481.9
-489.4
-492.1
-487.8
-483.5
-470.9
-457.0
-443.1
-433.6
-431.9
-436.1
-440.3
-450.4
-465.1
-479.8
-495.8
-510.1
-521.1
-532.1
-539.4
-543.0
-546.6
-545.3
-536.6
-522.2
-507.8
-488.9
-467.6
-442.5
-417.4
-388.8
-353.7
-318.6
-277.1
-231.0
-181.2
-131.4
-79.2
-26.0
27.2
81.7
134.8
180.8
226.8
260.5
282.9
305.3
315.9
314.3
300.1
285.9
259.5
224.6
189.7
149.8
118.9
84.3
49.7
21.6
7.7
-6.2
-8.5
-0.1
16.7
33.5
64.4
90.7
117.0
147.6
172.1
199.7
227.3
255.0
280.6
301.2
321.8
337.5
347.3
357.1
361.9
361.5
353.3
345.1
331.5
310.9
290.3
272.8
251.8
230.2
208.6
187.7
165.2
142.7
120.2
93.6
64.2
34.8
6.2
-24.0
-54.2
-82.1
-110.3
-138.5
-166.7
-194.1
-220.1
-244.0
-267.9
-290.8
-312.5
-334.2
-354.6
-373.5
-390.9
-408.3
-425.3
-442.3
-459.3
-477.4
-496.1
-514.0
-531.9
-548.1
-561.4
-574.7
-584.8
-592.4
-597.7
-603.0
-606.6
-608.9
-611.2
-611.8
-612.0
-612.2
-612.4
-613.1
-613.3
-613.5
-612.7
-610.4
-606.3
-602.2
-597.1
-591.3
-586.4
-581.5
-578.0
-576.7
-575.4
-576.4
-580.4
-587.8
-595.2
-605.6
-617.8
-630.0
-642.5
-655.0
-666.5
-678.0
-688.4
-697.3
-706.2
-713.6
-719.4
-723.3
-727.2
-729.9
-732.2
-734.5
-737.3
-740.3
-742.5
-744.7
-745.3
-743.8
-740.5
-737.2
-731.9
-725.1
-718.3
-709.5
-698.5
-687.5
-675.2
-662.7
-651.4
-640.1
-631.0
-624.5
-620.4
-616.3
-613.3
-610.8
-608.3
-605.9
-603.8
-602.4
-601.0
-600.5
-600.6
-600.7
-600.3
-599.2
-597.3
-595.4
-593.2
-591.0
-588.8
-586.9
-584.1
-580.2
-576.3
-570.8
-564.5
-557.9
-551.3
-544.9
-538.5
-532.1
-525.8
-519.7
-514.1
-508.5
-504.0
-500.7
-497.4
-495.7
-495.8
-497.2
-498.6
-501.9
-506.9
-511.9
-518.3
-525.2
-531.9
-538.6
-544.6
-549.9
-555.2
-560.0
-564.6
-568.9
-573.2
-576.8
-579.5
-581.2
-582.9
-583.6
-583.7
-583.8
-583.2
-581.9
-580.0
-578.1
-575.6
-572.3
-569.0
-565.2
-561.1
-557.4
-553.7
-550.4
-547.8
-545.2
-543.5
-542.3
-541.8
-541.3
-541.2
-541.6
-542.0
-542.6
-542.9
-543.5
-544.1
-545.3
-547.1
-548.9
-551.0
-553.0
-554.6
-556.2
-557.0
-557.2
-556.4
-555.6
-554.5
-553.2
-551.9
-551.0
-550.9
-551.9
-552.9
-554.8
-557.2
-559.6
-562.2
-564.5
-566.3
-568.1
-569.4
-570.8
-572.2
-573.4
-574.3
-574.5
-574.7
-574.0
-573.1
-572.2
-571.0
-570.1
-569.4
-568.7
-567.9
-566.9
-565.9
-564.3
-562.3
-560.2
-558.1
-556.2
-554.6
-553.6
-552.6
-552.3
-552.5
-552.7
-553.7
-555.1
-556.8
-558.5
-560.3
-561.8
-563.3
-564.3
-564.9
-565.9
-566.9
-568.1
-569.7
-571.3
-572.5
-573.6
-574.7
-575.6
-576.4
-576.8
-577.2
-577.1
-576.4
-575.1
-573.8
-572.4
-571.3
-570.7
-570.1
-569.7
-569.8
-569.9
-570.3
-570.3
-570.1
-569.9
-569.5
-569.5
-569.5
-570.5
-572.1
-574.3
-576.5
-578.8
-581.1
-583.4
-585.5
-587.3
-588.6
-589.9
-590.8
-590.9
-591.0
-590.0
-588.4
-586.8
-585.2
-583.9
-583.3
-582.7
-582.3
-582.2
-581.9
-581.6
-581.1
-580.5
-579.9
-579.3
-578.7
-578.3
-577.9
-577.2
-576.4
-575.6
-574.8
-573.8
-572.1
-570.4
-567.8
-564.2
-560.6
-556.6
-552.1
-547.2
-542.3
-537.4
-532.7
-528.8
-524.9
-521.9
-519.6
-517.3
-515.8
-515.2
-515.7
-516.2
-517.4
-518.7
-520.0
-520.9
-521.2
-520.6
-520.0
-519.0
-518.7
-519.7
-520.7
-523.7
-528.6
-533.5
-540.0
-547.4
-555.2
-563.0
-570.7
-578.1
-585.5
-592.3
-598.7
-604.5
-610.3
-615.7
-620.0
-624.3
-627.4
-629.3
-630.1
-630.9
-630.2
-628.6
-627.0
-624.6
-621.6
-618.1
-614.6
-610.6
-605.8
-599.3
-592.8
-585.0
-575.1
-565.2
-553.3
-541.9
-530.5
-523.0
-515.8
-510.0
-504.2
-500.8
-499.6
-498.4
-501.0
-506.5
-514.0
-521.5
-529.7
-537.5
-544.1
-550.7
-556.0
-558.9
-561.8
-562.9
-561.9
-559.8
-557.7
-554.6
-550.4
-546.2
-541.5
-537.2
-533.8
-530.4
-528.0
-526.5
-525.2
-523.9
-522.8
-521.2
-519.6
-517.0
-512.4
-506.0
-499.6
-492.3
-484.5
-476.7
-468.6
-460.1
-451.6
-443.1
-435.0
-428.4
-421.8
-417.2
-414.6
-412.0
-411.0
-410.7
-410.5
-410.3
-410.2
-410.3
-410.5
-410.7
-410.6
-409.5
-407.3
-405.1
-402.4
-400.0
-397.6
-396.1
-395.3
-394.5
-393.7
-392.5
-391.0
-389.5
-387.7
-385.8
-383.3
-380.8
-0.0001
3.1999
6.3999
10.0999
14.3999
18.9999
23.5999
27.7999
30.3999
32.9999
33.2999
31.8999
29.6999
27.4999
25.0999
23.0999
21.0999
19.4999
18.4999
18.3999
18.2999
19.0999
21.3999
24.6999
27.9999
31.5999
34.8999
38.1999
40.8999
42.6999
43.8999
45.0999
46.1999
46.7999
47.3999
48.4999
49.9999
51.4999
53.4999
56.0999
58.6999
61.2999
63.7999
65.5999
67.3999
69.1999
70.7999
72.2999
73.7999
74.5999
74.5999
74.5999
73.9999
73.6999
73.6999
73.6999
73.5999
72.8999
71.0999
69.2999
66.2999
63.2999
61.6999
60.0999
60.0999
61.5999
63.0999
64.9999
66.4999
67.4999
68.4999
69.7999
71.6999
73.5999
76.1999
79.7999
83.7999
87.7999
91.9999
96.1999
100.3999
104.4999
107.8999
111.2999
113.6999
114.6999
114.3999
114.0999
113.2999
112.7999
113.1999
113.5999
114.9999
117.6999
120.3999
124.0999
129.1999
134.9999
140.7999
146.3999
150.6999
154.9999
158.1999
161.0999
163.6999
166.2999
169.4999
172.6999
176.4999
180.2999
184.5999
190.0999
195.5999
202.2999
209.0999
214.6999
220.2999
223.9999
225.9999
227.9999
228.4999
228.6999
229.6999
230.6999
232.4999
235.4999
238.4999
241.5999
244.0999
245.3999
246.6999
246.8999
245.6999
243.1999
240.6999
237.0999
232.0999
227.0999
220.2999
211.7999
201.5999
191.3999
180.5999
170.1999
159.7999
149.8999
140.3999
130.7999
121.1999
110.3999
98.0999
85.7999
72.8999
60.7999
48.6999
38.3999
29.9999
22.8999
15.7999
9.5999
4.1999
-1.2001
-5.8001
-9.6001
-12.8001
-16.0001
-18.3001
-18.6001
-16.1001
-13.6001
-9.8001
-4.3001
1.1999
7.4999
13.7999
19.2999
24.7999
29.0999
32.9999
36.5999
40.1999
43.8999
47.5999
51.2999
54.7999
57.7999
60.2999
62.7999
64.8999
66.3999
67.8999
69.0999
69.7999
69.7999
69.7999
69.2999
68.8999
68.4999
69.1999
70.7999
73.3999
75.9999
78.6999
80.6999
82.6999
83.5999
83.4999
82.0999
80.6999
78.3999
75.2999
72.1999
68.8999
65.0999
61.5999
58.0999
54.3999
50.1999
45.0999
39.9999
34.3999
28.8999
23.3999
19.1999
17.3999
15.5999
15.7999
17.5999
19.8999
22.1999
23.6999
24.0999
23.3999
22.6999
21.2999
19.3999
17.4999
15.7999
14.3999
13.5999
12.7999
12.6999
13.5999
14.4999
15.7999
17.1999
18.6999
20.1999
22.1999
24.7999
28.0999
31.3999
36.0999
41.9999
47.8999
54.8999
62.2999
69.4999
76.6999
82.3999
86.2999
90.1999
92.7999
94.0999
94.1999
94.2999
93.7999
92.2999
90.7999
88.7999
85.7999
82.7999
79.2999
75.5999
71.9999
68.3999
64.7999
61.1999
57.5999
53.9999
51.0999
49.4999
48.9999
48.4999
48.7999
49.8999
50.9999
52.8999
55.6999
59.3999
63.0999
67.2999
70.7999
74.2999
76.6999
78.1999
79.6999
79.5999
79.0999
78.6999
78.2999
78.3999
78.8999
79.7999
80.6999
80.9999
80.1999
79.3999
77.5999
75.2999
73.3999
71.4999
70.0999
69.8999
71.3999
72.8999
75.4999
79.0999
82.6999
87.4999
92.6999
98.4999
104.2999
109.7999
114.9999
120.1999
124.1999
126.6999
128.0999
129.4999
130.0999
130.1999
130.2999
129.7999
128.8999
127.7999
126.6999
125.6999
124.5999
123.4999
121.9999
120.5999
119.3999
118.1999
117.8999
118.9999
120.0999
122.6999
126.7999
131.9999
137.1999
143.4999
149.8999
156.8999
163.8999
170.4999
176.1999
181.8999
185.0999
186.1999
184.5999
182.9999
179.4999
175.0999
170.6999
166.1999
161.7999
157.8999
153.9999
150.4999
147.5999
144.6999
142.4999
141.0999
140.1999
139.2999
138.5999
138.2999
137.9999
137.9999
138.1999
138.8999
139.5999
140.5999
141.7999
142.6999
143.5999
144.0999
144.1999
144.2999
144.2999
144.0999
143.8999
143.6999
142.5999
141.2999
139.9999
138.9999
138.6999
138.3999
139.0999
140.6999
142.2999
143.8999
145.4999
146.5999
147.5999
148.2999
148.3999
148.0999
147.7999
146.6999
145.4999
144.1999
142.8999
141.4999
140.0999
138.6999
137.4999
137.0999
138.0999
139.0999
140.6999
142.0999
143.4999
144.1999
143.4999
141.2999
139.0999
135.8999
132.6999
129.4999
126.6999
125.0999
124.6999
124.2999
124.4999
125.1999
125.8999
127.1999
128.8999
131.0999
133.2999
135.4999
137.3999
138.7999
140.1999
140.8999
141.3999
141.8999
141.8999
142.1999
142.8999
143.5999
144.8999
147.3999
149.8999
153.0999
156.5999
159.9999
163.3999
166.5999
169.5999
172.7999
175.9999
179.0999
181.0999
183.0999
183.8999
183.5999
182.7999
181.9999
180.8999
0.0
-1.2
-2.7
-4.7
-6.7
-8.7
-10.2
-11.1
-12.0
-12.3
-12.1
-11.4
-10.7
-9.7
-7.9
-6.1
-3.8
-2.2
-1.9
-1.6
-3.1
-6.1
-9.1
-13.1
-17.2
-21.1
-25.0
-28.2
-30.6
-32.3
-34.0
-34.8
-35.3
-35.8
-36.2
-36.5
-36.9
-37.3
-37.3
-37.0
-36.7
-35.8
-34.2
-32.2
-30.2
-28.5
-27.1
-25.7
-24.5
-23.2
-21.1
-19.0
-16.2
-13.1
-10.0
-7.1
-5.1
-4.0
-2.9
-3.2
-4.8
-6.4
-8.3
-9.9
-10.8
-11.7
-11.7
-11.2
-10.1
-9.0
-7.7
-6.3
-4.9
-3.1
-0.7
1.7
4.5
7.5
10.2
12.9
15.1
17.1
18.6
20.1
21.6
23.2
24.8
26.7
29.1
31.5
33.3
34.6
34.7
34.1
33.5
33.1
32.7
32.3
32.0
31.7
31.3
30.9
31.1
32.5
33.9
35.9
38.0
39.4
40.8
41.6
41.3
41.0
39.7
37.6
35.0
32.4
30.3
28.6
26.9
25.5
24.2
23.4
22.6
21.7
20.2
18.7
16.2
12.4
7.7
3.0
-2.4
-7.9
-12.5
-17.1
-20.4
-22.4
-24.4
-25.4
-26.0
-26.7
-27.4
-27.8
-28.0
-28.2
-27.7
-26.7
-25.1
-23.5
-21.6
-19.5
-17.4
-15.2
-13.2
-10.8
-8.4
-4.9
-0.2
4.5
11.0
18.4
26.2
34.0
42.2
50.5
58.8
68.0
77.9
88.1
98.3
109.4
120.3
131.2
142.1
152.4
160.5
168.6
174.0
176.6
176.0
175.4
172.9
168.2
163.5
157.3
149.9
142.5
134.1
125.7
117.9
110.1
104.2
100.8
97.4
97.2
99.6
104.3
109.0
115.6
122.5
129.1
135.7
141.8
147.4
152.8
158.2
163.1
167.1
171.1
174.2
176.2
177.0
177.8
178.0
177.1
176.2
174.9
173.3
172.1
170.9
169.5
167.5
165.5
162.9
161.0
160.2
159.4
160.8
164.2
167.6
172.5
178.3
184.1
190.7
198.0
206.0
214.0
222.3
230.3
237.5
244.7
250.6
255.5
260.4
265.3
270.3
274.8
279.3
282.8
284.7
285.6
286.5
286.1
285.1
284.1
283.0
282.8
283.1
283.4
284.4
285.7
287.0
288.7
290.7
293.5
296.3
299.4
302.7
306.0
309.0
310.8
311.2
311.6
310.9
309.6
308.3
306.9
305.9
305.0
304.1
303.4
303.1
303.0
302.9
303.2
303.9
304.6
305.7
307.3
309.0
310.7
312.2
313.2
314.2
314.7
315.2
315.7
316.3
317.8
320.0
322.2
324.6
327.0
329.1
331.2
332.8
334.0
335.2
336.1
336.8
337.4
338.0
338.9
339.8
340.7
341.5
341.8
342.0
342.2
341.6
340.2
337.8
335.4
332.2
328.3
324.4
320.7
317.3
315.1
312.9
311.7
-0.0004
-1.3004
-3.0004
-5.9004
-9.5004
-13.1004
-16.5004
-19.8004
-23.1004
-26.9004
-32.0004
-38.9004
-45.8004
-53.1004
-59.2004
-65.3004
-70.1004
-72.7004
-73.7004
-74.7004
-74.6004
-74.6004
-74.6004
-75.0004
-76.0004
-76.8004
-77.6004
-78.3004
-78.5004
-77.5004
-76.5004
-74.5004
-71.2004
-67.9004
-63.9004
-60.0004
-56.6004
-53.2004
-51.0004
-50.0004
-49.0004
-49.2004
-49.8004
-50.4004
-51.3004
-51.6004
-51.0004
-50.4004
-49.3004
-48.0004
-46.2004
-44.4004
-42.4004
-40.3004
-38.2004
-36.1004
-34.5004
-33.8004
-33.1004
-32.9004
-32.5004
-31.5004
-30.5004
-29.2004
-27.2004
-25.2004
-23.3004
-22.4004
-22.7004
-23.0004
-25.7004
-31.4004
-37.1004
-44.9004
-54.4004
-63.4004
-72.4004
-79.6004
-83.6004
-87.6004
-89.1004
-88.8004
-87.1004
-85.4004
-83.7004
-82.7004
-81.7004
-81.7004
-82.0004
-82.6004
-83.2004
-83.6004
-83.0004
-82.4004
-80.7004
-77.5004
-72.3004
-67.1004
-60.7004
-53.6004
-47.4004
-41.2004
-36.6004
-34.4004
-32.2004
-31.9004
-33.1004
-34.3004
-35.4004
-35.4004
-33.8004
-32.2004
-29.0004
-24.0004
-17.2004
-10.4004
-2.4004
6.2996
14.9996
23.4996
30.6996
36.0996
41.4996
44.7996
45.4996
46.1996
46.1996
45.6996
45.0996
44.4996
43.9996
43.7996
43.4996
43.1996
42.9996
42.6996
42.3996
41.6996
40.3996
38.9996
37.5996
36.0996
34.6996
33.2996
31.7996
30.5996
30.3996
30.1996
31.2996
34.0996
36.8996
39.8996
43.4996
47.0996
50.6996
53.8996
57.3996
60.8996
63.9996
65.6996
65.7996
65.8996
63.9996
61.1996
57.6996
54.1996
50.9996
48.8996
46.7996
46.1996
46.9996
49.1996
51.3996
54.5996
58.1996
61.7996
65.5996
69.2996
72.3996
75.4996
77.8996
78.9996
80.0996
80.2996
79.9996
79.6996
79.6996
80.6996
82.4996
84.2996
86.0996
87.3996
88.0996
88.7996
89.1996
89.4996
89.7996
89.5996
88.8996
87.2996
85.6996
83.9996
82.5996
81.1996
80.4996
80.5996
81.1996
81.7996
83.3996
85.9996
89.2996
92.5996
96.6996
101.0996
105.4996
109.2996
111.9996
112.4996
112.9996
112.6996
111.9996
111.2996
110.6996
110.6996
110.8996
111.0996
111.5996
111.7996
111.9996
112.2996
112.7996
113.2996
113.7996
114.5996
115.6996
117.3996
119.0996
121.2996
123.2996
125.2996
127.6996
129.8996
131.6996
133.4996
134.4996
134.7996
135.0996
134.0996
132.5996
131.4996
130.3996
129.4996
129.2996
129.0996
129.1996
128.8996
128.5996
127.7996
126.6996
125.6996
-0.0001
-0.4001
0.1999
1.6999
3.1999
5.3999
8.0999
10.7999
13.8999
17.4999
20.0999
22.6999
24.5999
25.7999
26.4999
27.1999
27.2999
27.0999
26.8999
26.1999
25.3999
25.0999
24.7999
25.4999
27.0999
28.6999
31.0999
33.3999
35.2999
37.1999
38.7999
39.8999
40.9999
41.0999
40.5999
39.4999
38.3999
36.9999
35.6999
34.3999
33.5999
33.7999
34.9999
36.1999
37.6999
38.2999
38.8999
38.0999
36.0999
34.1999
32.2999
31.5999
31.6999
31.5999
31.4999
31.0999
29.8999
28.6999
27.0999
25.8999
25.3999
24.8999
24.8999
24.7999
24.6999
23.6999
21.8999
20.0999
17.4999
15.0999
13.4999
11.8999
11.0999
10.3999
9.7999
9.1999
8.5999
8.1999
7.7999
7.2999
6.3999
5.3999
4.3999
3.9999
4.5999
5.1999
6.0999
7.0999
7.9999
8.8999
9.9999
11.3999
13.2999
15.1999
17.5999
19.9999
22.3999
24.1999
25.5999
26.4999
27.3999
28.4999
29.3999
30.2999
30.7999
30.7999
30.1999
29.5999
27.9999
25.1999
22.3999
17.7999
11.8999
5.0999
-1.7001
-8.7001
-14.7001
-20.7001
-24.6001
-26.4001
-26.1001
-25.8001
-24.5001
-22.8001
-21.2001
-19.6001
-18.5001
-18.0001
-17.5001
-17.9001
-18.9001
-19.9001
-20.9001
-21.4001
-20.1001
-18.8001
-16.3001
-13.1001
-10.2001
-7.3001
-5.4001
-4.7001
-4.0001
-4.4001
-5.9001
-8.2001
-10.5001
-13.7001
-17.0001
-20.3001
-22.9001
-24.2001
-23.9001
-23.6001
-22.4001
-20.6001
-18.8001
-16.7001
-14.8001
-13.1001
-11.4001
-9.8001
-8.7001
-8.6001
-8.5001
-9.1001
-9.5001
-9.9001
-10.0001
-9.8001
-9.4001
-9.0001
-8.3001
-7.2001
-6.1001
-5.1001
-4.4001
-3.7001
-3.4001
-3.2001
-2.4001
-1.6001
-0.0001
2.1999
4.0999
5.9999
7.3999
8.3999
9.3999
10.1999
11.1999
13.3999
15.5999
20.7999
30.8999
46.4999
62.0999
82.7999
107.5999
132.3999
160.0999
191.1999
224.1999
257.1999
290.5999
322.0999
353.5999
383.1999
411.3999
438.0999
464.7999
492.3999
523.5999
554.7999
592.5999
637.1999
690.5999
743.9999
0.0
61.4
122.8
186.4
250.1
313.5
376.9
438.6
498.1
557.6
617.3
678.3
742.2
806.1
874.3
945.7
1019.5
1093.3
1169.5
1249.1
1328.7
1409.4
1490.5
1572.7
1654.9
1740.7
1832.0
1923.3
2019.1
2119.3
2219.5
2322.3
2429.1
2539.4
2649.7
2760.8
2869.2
2977.6
3081.6
3179.5
3270.7
3361.9
3445.2
3518.8
3582.4
3646.0
3699.9
3746.5
3793.1
3834.6
3872.2
3910.7
3949.2
3988.7
4027.7
4066.5
4105.3
4144.9
4183.0
4221.1
4258.3
4297.7
4337.1
4375.8
4413.3
4449.0
4484.7
4518.2
4549.5
4578.6
4607.7
4631.6
4649.7
4667.8
4675.7
4670.3
4648.8
4627.3
4589.5
4534.8
4480.1
4419.5
4348.0
4268.2
4188.4
4101.5
4006.7
3911.9
3810.6
3703.9
3590.9
3477.9
3360.9
3238.4
3111.4
2984.4
2853.6
2717.8
2582.0
2443.6
2303.7
2162.6
2021.5
1878.4
1732.7
1587.0
1439.3
1290.7
1143.8
996.9
852.1
705.8
559.5
410.5
257.5
106.0
-45.5
-194.8
-339.4
-476.4
-613.4
-740.0
-852.5
-965.0
-1065.6
-1154.4
-1235.5
-1316.6
-1388.3
-1451.6
-1514.9
-1570.0
-1616.2
-1654.9
-1693.6
-1723.8
-1746.6
-1769.4
-1784.9
-1793.0
-1795.3
-1797.6
-1792.9
-1779.8
-1766.7
-1745.8
-1714.4
-1669.1
-1623.8
-1561.9
-1479.7
-1397.5
-1295.2
-1172.6
-1027.0
-881.4
-719.3
-537.6
-355.9
-160.2
44.7
255.4
466.1
678.6
891.3
1103.2
1315.1
1521.0
1720.0
1919.0
2112.1
2298.7
2478.9
2659.1
2831.6
2993.8
3156.0
3306.6
3444.7
3571.6
3698.5
3817.6
3926.3
4035.0
4135.1
4225.4
4306.7
4388.0
4465.3
-0.0006
69.1994
132.0994
182.6994
215.7994
248.8994
265.0994
258.5994
227.0994
195.5994
142.4994
69.6994
-3.1006
-92.8006
-194.3006
-303.6006
-412.9006
-528.1006
-645.6006
-763.1006
-888.1006
-1015.9006
-1143.7006
-1278.8006
-1423.5006
-1573.2006
-1722.9006
-1883.0006
-2049.8006
-2226.3006
-2402.8006
-2588.2006
-2783.9006
-2979.6006
-3179.9006
-3382.1006
-3582.5006
-3782.9006
-3980.8006
-4181.8006
-4382.8006
-4586.1006
-4791.7006
-4998.3006
-5204.9006
-5411.5006
-5617.6006
-5823.5006
-6029.4006
-6232.9006
-6431.7006
-6630.5006
-6818.2006
-6988.6006
-7134.9006
-7281.2006
-7403.2006
-7500.2006
-7597.2006
-7665.4006
-7705.5006
-7715.9006
-7726.3006
-7711.9006
-7678.8006
-7645.7006
-7601.3006
-7554.2006
-7500.0006
-7445.8006
-7392.8006
-7341.8006
-7290.8006
-7231.1006
-7163.2006
-7090.5006
-7017.8006
-6938.2006
-6853.5006
-6768.8006
-6674.9006
-6574.6006
-6464.8006
-6355.0006
-6232.6006
-6098.4006
-5953.2006
-5808.0006
-5656.3006
-5501.5006
-5346.7006
-5188.8006
-5025.5006
-4859.2006
-4692.9006
-4524.9006
-4359.1006
-4193.3006
-4026.4006
-3861.5006
-3696.6006
-3531.2006
-3364.9006
-3197.4006
-3029.9006
-2861.5006
-2693.3006
-2525.1006
-2354.9006
-2179.3006
-1989.7006
-1800.1006
-1597.1006
-1387.5006
-1177.7006
-967.9006
-764.1006
-566.5006
-373.2006
-179.9006
-0.8006
159.7994
320.3994
459.5994
575.9994
652.6994
729.3994
767.8994
773.8994
779.8994
759.0994
728.1994
689.9994
651.7994
613.2994
578.4994
543.6994
515.2994
495.6994
482.3994
469.0994
461.2994
457.8994
454.4994
449.2994
439.8994
419.1994
398.4994
368.4994
328.6994
288.8994
239.6994
179.4994
106.6994
33.8994
-50.3006
-146.9006
-255.5006
-364.1006
-487.1006
-624.5006
-761.9006
-911.1006
-1071.9006
-1244.2006
-1416.5006
-1600.4006
-1795.7006
-0.0011
-201.7011
-408.1011
-617.8011
-827.5011
-1036.8011
-1237.7011
-1438.6011
-1627.4011
-1798.0011
-1953.0011
-2108.0011
-2246.9011
-2370.8011
-2494.7011
-2602.9011
-2696.3011
-2772.8011
-2849.3011
-2907.8011
-2949.2011
-2990.6011
-3016.1011
-3028.8011
-3029.8011
-3030.8011
-3026.5011
-3018.4011
-3012.4011
-3006.4011
-3002.2011
-3001.5011
-3000.8011
-3005.9011
-3013.4011
-3020.9011
-3028.9011
-3038.3011
-3046.4011
-3054.0011
-3058.7011
-3063.4011
-3065.6011
-3066.1011
-3065.6011
-3065.1011
-3064.0011
-3061.0011
-3056.3011
-3051.6011
-3044.1011
-3034.9011
-3025.7011
-3015.0011
-3003.8011
-2993.2011
-2982.6011
-2974.3011
-2968.8011
-2965.8011
-2962.8011
-2962.9011
-2959.0011
-2955.1011
-2947.8011
-2939.6011
-2933.5011
-2927.4011
-2926.9011
-2932.6011
-2938.3011
-2948.2011
-2961.0011
-2973.8011
-2986.0011
-2996.3011
-3002.4011
-3008.5011
-3014.8011
-3021.7011
-3032.7011
-3043.7011
-3065.8011
-3098.8011
-3131.8011
-3178.1011
-3236.9011
-3305.8011
-3374.7011
-3447.2011
-3521.4011
-3597.9011
-3674.4011
-3751.4011
-3828.5011
-3905.6011
-3977.9011
-4042.2011
-4095.8011
-4149.4011
-4190.1011
-4220.9011
-4251.7011
-4277.5011
-4298.7011
-4316.4011
-4334.1011
-4346.5011
-4353.9011
-4361.3011
-4362.1011
-4351.7011
-4331.7011
-4311.7011
-4283.5011
-4250.2011
-4216.9011
-4181.6011
-4141.3011
-4098.5011
-4055.7011
-4012.1011
-3971.3011
-3930.5011
-3892.5011
-3856.8011
-3824.7011
-3792.6011
-3763.2011
-3735.6011
-3705.7011
-3675.8011
-3644.8011
-3612.2011
-3579.6011
-3543.1011
-3506.9011
-3472.2011
-3437.5011
-3406.9011
-3380.3011
-3353.7011
-3331.0011
-3313.2011
-3300.6011
-3288.0011
-3278.6011
-3273.1011
-3267.6011
-3266.1011
-3267.3011
-3270.0011
0.0001
-5.0999
-11.3999
-17.6999
-24.7999
-32.5999
-40.7999
-48.9999
-56.7999
-64.6999
-72.5999
-80.7999
-88.7999
-96.0999
-103.3999
-109.2999
-110.2999
-111.2999
-105.5999
-89.9999
-66.9999
-43.9999
-14.4999
21.6001
59.9001
98.2001
137.5001
174.2001
210.9001
249.3001
290.3001
334.0001
377.7001
421.2001
462.0001
502.8001
542.7001
580.9001
618.2001
655.5001
690.6001
721.4001
752.2001
776.7001
794.2001
801.0001
807.8001
803.7001
791.5001
766.7001
741.9001
708.6001
666.5001
624.4001
576.9001
528.4001
480.1001
431.8001
386.4001
347.1001
307.8001
275.2001
248.8001
228.1001
207.4001
193.3001
184.4001
175.5001
169.8001
165.7001
164.6001
163.5001
164.4001
166.1001
167.8001
169.9001
172.5001
176.9001
181.3001
187.7001
196.1001
204.5001
211.9001
213.5001
206.2001
198.9001
186.2001
164.7001
137.8001
110.9001
77.1001
34.6001
-7.8999
-58.3999
-110.5999
-163.5999
-216.5999
-264.5999
-309.7999
-354.9999
-398.5999
-441.2999
-483.9999
-525.6999
-566.5999
-603.3999
-640.1999
-671.5999
-699.8999
-724.4999
-749.0999
-766.6999
-777.4999
-788.2999
-793.2999
-795.2999
-797.0999
-798.8999
-801.9999
-806.7999
-815.9999
-825.1999
-835.1999
-845.3999
-855.5999
-863.9999
-867.6999
-866.1999
-864.6999
-860.7999
-854.5999
-848.3999
-845.7999
-845.6999
-848.2999
-850.8999
-852.8999
-853.7999
-854.6999
0.0004
-2.8996
-5.7996
-8.2996
-10.2996
-11.7996
-13.2996
-12.6996
-9.7996
-5.0996
-0.3996
4.8004
9.3004
13.8004
18.3004
23.1004
28.5004
33.9004
41.9004
55.0004
68.1004
86.3004
111.1004
141.2004
171.3004
208.4004
251.2004
298.2004
345.2004
393.1004
439.6004
486.1004
529.3004
568.5004
604.0004
639.5004
676.9004
716.1004
755.3004
794.5004
834.7004
874.8004
914.9004
955.2004
993.5004
1031.8004
1065.1004
1094.8004
1119.2004
1143.6004
1162.2004
1172.3004
1182.4004
1185.5004
1183.9004
1180.5004
1177.1004
1175.5004
1176.1004
1180.1004
1184.1004
1191.2004
1198.1004
1205.0004
1211.2004
1215.5004
1216.5004
1217.5004
1215.6004
1210.1004
1204.6004
1196.9004
1188.2004
1182.3004
1176.4004
1170.8004
1170.9004
1171.0004
1176.7004
1187.6004
1204.7004
1221.8004
1240.3004
1260.1004
1279.9004
1299.4004
1318.1004
1333.2004
1348.3004
1360.0004
1370.1004
1380.6004
1391.1004
1404.8004
1421.2004
1437.6004
1458.5004
1482.6004
1509.0004
1535.4004
1563.4004
1590.8004
1618.2004
1646.1004
1672.6004
1695.0004
1717.4004
1734.4004
1747.9004
1761.4004
1772.3004
1781.8004
1790.0004
1798.2004
1805.3004
1811.0004
1816.7004
1821.6004
1826.0004
1827.9004
1829.8004
1828.8004
1824.9004
1821.0004
1815.5004
1808.2004
1800.1004
1792.0004
0.0009
-9.3991
-17.9991
-26.5991
-34.9991
-42.9991
-50.9991
-59.0991
-66.1991
-74.3991
-82.5991
-91.9991
-101.0991
-110.1991
-118.3991
-126.3991
-135.4991
-144.5991
-153.2991
-160.3991
-167.4991
-171.5991
-172.9991
-171.8991
-170.7991
-168.0991
-163.4991
-158.8991
-152.0991
-143.9991
-136.4991
-128.9991
-121.4991
-116.2991
-111.0991
-108.8991
-108.0991
-108.3991
-108.6991
-109.7991
-111.7991
-113.7991
-116.5991
-119.5991
-122.2991
-124.9991
-127.9991
-131.3991
-134.3991
-137.3991
-138.6991
-136.8991
-135.0991
-130.0991
-121.4991
-112.8991
-100.0991
-83.7991
-67.8991
-51.9991
-40.2991
-32.1991
-28.8991
-25.5991
-27.0991
-33.0991
-39.0991
-54.8991
-77.3991
-105.5991
-133.7991
-166.2991
-202.3991
-239.4991
-276.5991
-309.8991
-335.8991
-361.8991
-378.5991
-389.0991
-394.2991
-399.4991
-402.1991
-403.8991
-405.5991
-406.5991
-407.6991
-409.4991
-411.2991
-414.6991
-420.3991
-426.0991
-436.1991
-450.6991
-469.6991
-488.6991
-511.4991
-537.4991
-563.4991
-592.0991
-622.3991
-654.6991
-686.9991
-718.6991
-748.5991
-778.4991
-805.0991
-829.3991
-849.9991
-870.5991
-889.9991
-909.2991
-926.9991
-944.6991
-962.0991
-980.7991
-999.4991
-1021.8991
-1047.0991
-1074.4991
-0.0013
-24.5013
-43.5013
-62.5013
-76.9013
-87.8013
-98.1013
-108.4013
-117.8013
-125.0013
-132.2013
-138.5013
-142.5013
-145.0013
-147.5013
-154.3013
-165.2013
-176.1013
-190.8013
-207.3013
-223.8013
-243.1013
-268.7013
-296.4013
-324.1013
-354.9013
-385.7013
-414.0013
-442.3013
-468.7013
-494.4013
-520.1013
-543.9013
-567.5013
-593.8013
-620.1013
-646.7013
-670.2013
-685.6013
-701.0013
-711.1013
-717.6013
-724.1013
-727.1013
-723.4013
-719.7013
-711.4013
-697.8013
-681.1013
-664.4013
-645.4013
-624.4013
-601.1013
-577.8013
-553.3013
-529.0013
-504.7013
-479.5013
-453.7013
-429.1013
-404.5013
-381.6013
-360.7013
-341.9013
-323.1013
-307.5013
-293.6013
-279.7013
-266.7013
-253.6013
-241.8013
-230.0013
-219.8013
-210.1013
-200.4013
-191.6013
-184.7013
-178.9013
-173.1013
-167.5013
-160.0013
-152.5013
-140.1013
-123.7013
-102.3013
-80.9013
-56.5013
-29.7013
-2.9013
26.0987
55.9987
86.0987
116.1987
145.9987
178.0987
210.1987
246.2987
287.8987
329.8987
371.8987
413.3987
450.0987
486.7987
517.1987
542.9987
564.6987
586.3987
604.8987
618.9987
625.2987
631.5987
630.7987
-0.0018
-5.8018
-16.1018
-27.6018
-38.5018
-49.4018
-58.1018
-63.5018
-68.9018
-71.8018
-72.2018
-72.6018
-70.2018
-64.2018
-55.6018
-47.0018
-36.8018
-24.9018
-10.4018
4.0982
19.8982
36.9982
55.6982
74.3982
93.8982
114.1982
134.4982
154.7982
176.3982
199.5982
222.7982
245.6982
270.9982
296.2982
324.1982
356.5982
393.3982
430.1982
471.3982
517.8982
564.3982
616.1982
672.1982
734.8982
797.5982
864.0982
935.8982
1007.6982
1083.1982
1161.5982
1240.7982
1319.9982
1399.9982
1479.9982
1558.7982
1634.9982
1705.7982
1769.7982
1833.7982
1890.8982
1943.0982
1991.2982
2039.4982
2083.2982
2120.8982
2158.4982
2192.3982
2224.8982
2257.3982
2289.2982
2318.5982
2341.7982
2364.9982
2381.7982
2393.7982
2401.2982
2408.7982
2410.9982
2405.1982
2399.3982
2383.2982
2361.2982
2334.5982
2307.8982
2276.5982
2239.3982
2202.1982
2161.4982
2118.0982
2074.6982
2029.5982
1983.5982
1937.6982
1891.7982
1846.8982
1802.9982
1760.2982
1717.5982
1676.2982
1637.6982
1602.8982
1568.0982
1538.8982
1512.6982
1486.4982
1462.9982
0.0009
-18.8991
-35.5991
-54.1991
-76.3991
-98.5991
-124.5991
-156.0991
-193.2991
-230.4991
-271.9991
-317.5991
-363.1991
-412.3991
-464.4991
-518.0991
-571.6991
-625.0991
-678.7991
-732.4991
-785.5991
-838.1991
-889.6991
-941.1991
-991.4991
-1040.1991
-1088.8991
-1137.2991
-1186.5991
-1237.1991
-1287.7991
-1340.4991
-1395.4991
-1452.8991
-1510.2991
-1570.6991
-1632.0991
-1693.4991
-1755.0991
-1816.3991
-1877.7991
-1939.1991
-1998.4991
-2053.6991
-2108.8991
-2158.4991
-2203.7991
-2245.2991
-2286.7991
-2327.1991
-2365.2991
-2403.3991
-2442.1991
-2481.5991
-2521.2991
-2560.9991
-2599.2991
-2634.3991
-2669.4991
-2701.1991
-2727.7991
-2749.4991
-2771.1991
-2786.3991
-2795.4991
-2798.5991
-2801.6991
-2801.9991
-2801.7991
-2801.5991
-2802.2991
-2804.2991
-2807.9991
-2811.6991
-2816.1991
-2822.0991
-2827.9991
-2836.0991
-2847.5991
-2863.9991
-2880.3991
-2902.2991
-2932.4991
-2962.6991
-2999.5991
-3044.5991
-3089.5991
-3137.1991
-3185.7991
-3232.9991
-3280.1991
-3325.8991
-3369.9991
-3411.9991
-3453.9991
-3491.1991
-3523.0991
-3554.9991
-3580.5991
-3600.0991
0.001
-14.299
-24.299
-28.999
-28.299
-27.599
-20.999
-9.799
1.401
14.701
30.201
47.501
64.801
85.101
109.701
134.301
166.301
206.501
253.801
301.101
354.401
410.601
466.801
524.901
583.001
640.801
698.601
756.801
815.001
873.201
932.001
992.301
1053.901
1115.501
1178.901
1242.401
1305.601
1368.801
1429.901
1488.701
1547.501
1602.501
1654.701
1705.301
1755.901
1806.701
1859.201
1911.701
1967.101
2025.101
2084.301
2143.501
2203.201
2262.501
2321.801
2379.201
2433.801
2484.901
2536.001
2582.901
2624.601
2666.301
2703.501
2736.901
2766.201
2795.501
2820.901
2844.401
2867.901
2888.101
2904.801
2918.301
2931.801
2942.801
2953.301
2964.601
2975.901
2989.101
3004.901
3020.701
3039.801
3062.101
3088.601
3115.101
3147.701
3190.101
3232.501
3286.601
3355.301
3424.001
3501.501
3585.801
3675.501
3765.201
3857.301
3947.201
-0.0023
83.6977
158.3977
219.5977
280.7977
329.7977
365.2977
388.8977
412.4977
425.3977
427.4977
422.0977
416.6977
404.8977
390.0977
375.2977
358.9977
341.3977
323.7977
305.6977
287.5977
269.9977
252.3977
234.4977
213.9977
188.7977
163.5977
132.3977
95.5977
58.7977
16.9977
-30.7023
-85.7023
-140.7023
-203.1023
-269.9023
-336.7023
-405.0023
-474.0023
-542.6023
-611.2023
-678.9023
-744.1023
-809.3023
-869.5023
-925.0023
-975.6023
-1026.2023
-1073.1023
-1116.3023
-1156.6023
-1196.9023
-1234.7023
-1269.7023
-1304.7023
-1337.5023
-1368.7023
-1398.3023
-1427.9023
-1457.5023
-1489.0023
-1520.5023
-1554.9023
-1592.0023
-1631.5023
-1671.0023
-1711.6023
-1753.2023
-1794.8023
-1838.0023
-1883.8023
-1932.0023
-1980.2023
-2030.3023
-2082.5023
-2134.7023
-2190.5023
-2251.0023
-2317.3023
-2383.6023
-2457.2023
-2537.3023
-2617.4023
-2702.4023
-2790.0023
-2876.7023
-2963.4023
-3047.2023
-3126.2023
-3199.5023
-3272.8023
-0.0039
-62.3039
-124.6039
-180.2039
-228.9039
-271.1039
-313.3039
-349.3039
-382.2039
-415.1039
-444.1039
-469.1039
-494.1039
-516.6039
-537.3039
-557.4039
-577.5039
-599.0039
-621.0039
-641.2039
-661.4039
-679.0039
-693.4039
-707.8039
-718.8039
-725.1039
-727.3039
-729.5039
-726.4039
-719.2039
-707.4039
-695.6039
-679.5039
-658.7039
-637.9039
-612.5039
-584.4039
-554.1039
-523.8039
-491.5039
-458.2039
-424.9039
-390.2039
-353.8039
-317.4039
-279.7039
-239.8039
-197.8039
-155.8039
-110.6039
-63.2039
-15.1039
32.9961
81.5961
130.2961
178.9961
227.3961
275.6961
323.6961
371.6961
419.2961
467.9961
516.6961
567.7961
623.6961
684.8961
746.0961
811.4961
878.4961
945.4961
1012.4961
1077.4961
1138.5961
1199.6961
1255.8961
1305.9961
1348.7961
1391.5961
1427.6961
1455.7961
1483.8961
1507.0961
1525.2961
1539.7961
1554.2961
1567.2961
1580.1961
-0.001
13.499
27.699
42.399
57.099
72.699
89.699
106.699
125.399
145.699
168.799
191.899
217.199
243.999
270.799
299.399
330.499
364.299
398.099
435.199
474.999
516.699
558.399
600.199
640.199
680.199
717.199
749.099
774.599
800.099
818.999
831.499
843.999
849.899
848.299
846.699
840.999
830.899
816.699
802.499
786.499
769.999
754.999
739.999
727.599
718.399
709.199
704.499
704.799
708.999
713.199
721.599
732.699
744.199
755.699
765.699
772.899
780.099
782.399
780.799
775.299
769.799
759.999
746.999
733.999
717.899
699.199
677.999
656.799
634.099
610.299
586.499
562.099
537.099
512.199
487.299
462.199
436.799
411.399
385.299
358.299
330.299
302.299
272.799
0.001
-30.699
-62.399
-94.799
-127.699
-160.599
-193.999
-228.199
-262.399
-297.299
-333.999
-373.899
-413.799
-457.699
-505.999
-558.699
-611.399
-668.499
-726.899
-785.299
-841.999
-893.399
-944.799
-989.199
-1024.499
-1050.699
-1076.899
-1093.599
-1102.099
-1110.599
-1115.799
-1119.199
-1122.499
-1125.799
-1129.499
-1133.299
-1135.999
-1138.699
-1138.999
-1136.999
-1134.999
-1129.799
-1122.199
-1112.199
-1102.199
-1091.299
-1080.199
-1069.499
-1058.799
-1049.599
-1041.699
-1033.799
-1027.299
-1023.499
-1019.699
-1018.299
-1018.799
-1020.399
-1021.999
-1023.699
-1025.599
-1027.799
-1029.999
-1032.699
-1035.899
-1039.099
-1040.699
-1039.599
-1035.599
-1031.599
-1025.699
-1019.699
-1013.699
-1007.899
-1001.899
-994.599
-987.299
-978.099
-965.299
-946.499
-927.699
-0.0003
35.9997
71.9997
119.5997
179.9997
250.5997
321.1997
397.0997
475.9997
554.8997
632.4997
705.0997
771.4997
837.8997
895.2997
943.3997
991.4997
1029.0997
1058.8997
1081.2997
1103.6997
1118.5997
1127.4997
1136.3997
1140.0997
1140.0997
1139.2997
1138.4997
1139.0997
1140.1997
1141.2997
1143.0997
1143.2997
1139.5997
1135.8997
1128.6997
1117.2997
1102.3997
1087.4997
1070.8997
1054.4997
1038.0997
1022.4997
1008.5997
994.6997
980.5997
964.2997
947.9997
929.5997
907.1997
877.1997
847.1997
811.4997
769.4997
720.8997
672.2997
618.2997
558.5997
494.7997
430.9997
364.1997
297.0997
229.9997
165.3997
102.3997
41.0997
-20.2003
-79.5003
-138.3003
-197.1003
-254.0003
-309.3003
-362.6003
-415.9003
-465.3003
-509.7003
-547.0003
-584.3003
-0.0002
-21.0002
-42.0002
-53.4002
-57.0002
-52.7002
-48.4002
-38.2002
-24.2002
-10.2002
5.6998
21.3998
35.0998
48.7998
59.6998
66.5998
73.4998
76.9998
76.6998
72.5998
68.4998
61.2998
50.9998
40.6998
28.0998
12.5998
-5.7002
-24.0002
-45.0002
-67.3002
-87.9002
-108.5002
-125.4002
-134.6002
-143.8002
-146.4002
-141.6002
-132.6002
-123.6002
-112.9002
-103.7002
-94.5002
-87.8002
-84.5002
-84.2002
-83.9002
-84.4002
-81.9002
-79.4002
-71.4002
-55.2002
-27.7002
-0.2002
36.5998
79.5998
122.5998
168.5998
213.4998
255.9998
298.4998
336.9998
371.4998
401.8998
432.2998
458.0998
478.2998
498.4998
514.5998
529.5998
546.0998
562.5998
581.8998
605.4998
629.0998
656.3998
-0.0001
33.5999
67.1999
101.7999
137.2999
172.7999
207.7999
240.3999
272.9999
303.9999
332.5999
359.1999
385.7999
410.7999
436.4999
464.7999
493.0999
523.0999
554.7999
586.4999
619.6999
652.6999
682.3999
712.0999
735.8999
752.6999
760.1999
767.6999
765.7999
755.4999
745.1999
727.1999
703.0999
672.8999
642.6999
610.2999
576.6999
543.0999
509.9999
478.7999
450.4999
422.1999
397.9999
379.0999
360.1999
346.5999
336.6999
329.3999
322.0999
315.4999
307.9999
300.4999
291.6999
282.6999
273.2999
263.8999
254.9999
246.5999
238.1999
232.0999
228.2999
227.4999
226.6999
228.7999
232.6999
236.2999
239.8999
242.7999
244.1999
245.5999
244.4999
241.3999
236.5999
0.0012
-4.9988
-11.0988
-17.1988
-26.4988
-37.4988
-51.5988
-65.6988
-84.6988
-106.8988
-129.0988
-157.4988
-190.1988
-228.4988
-266.7988
-312.2988
-362.9988
-413.6988
-469.8988
-529.7988
-588.5988
-647.3988
-705.6988
-761.0988
-816.4988
-867.7988
-915.1988
-956.4988
-997.7988
-1031.2988
-1056.6988
-1072.9988
-1089.2988
-1095.6988
-1093.0988
-1090.4988
-1077.7988
-1048.3988
-998.7988
-949.1988
-881.2988
-789.4988
-697.6988
-593.3988
-475.9988
-352.3988
-228.7988
-101.3988
23.2012
147.8012
266.5012
375.2012
471.6012
568.0012
646.3012
706.0012
765.7012
807.8012
832.0012
837.8012
843.6012
834.1012
809.9012
785.7012
751.6012
713.6012
675.7012
637.8012
604.3012
580.2012
568.5012
0.0016
-0.2984
11.5016
23.3016
47.2016
80.4016
118.2016
156.0016
195.3016
232.4016
269.5016
300.8016
323.2016
335.2016
347.2016
348.5016
339.8016
331.1016
314.9016
292.3016
269.7016
243.9016
218.9016
197.4016
175.9016
159.0016
150.9016
149.4016
147.9016
154.3016
165.3016
176.3016
185.9016
190.2016
185.8016
181.4016
167.4016
142.5016
101.6016
60.7016
1.0016
-72.9984
-146.9984
-236.9984
-341.4984
-459.3984
-577.2984
-704.6984
-840.0984
-975.4984
-1116.4984
-1260.1984
-1403.8984
-1548.5984
-1690.0984
-1826.9984
-1963.8984
-2095.2984
-2221.2984
-2341.8984
-2462.4984
-2573.2984
-2674.4984
-2775.6984
-2865.7984
-2946.0984
-3016.8984
-3087.6984
-0.0002
-49.6002
-99.2002
-137.0002
-164.7002
-181.4002
-198.1002
-207.1002
-209.4002
-207.3002
-205.2002
-198.3002
-187.6002
-176.9002
-161.4002
-138.8002
-108.8002
-78.8002
-43.7002
-3.3002
37.0998
79.2998
119.0998
154.9998
190.8998
223.6998
258.1998
292.6998
333.7998
383.0998
439.6998
496.2998
560.1998
625.4998
690.7998
754.1998
811.7998
859.7998
907.7998
947.8998
978.8998
998.5998
1018.2998
1025.8998
1023.2998
1020.6998
1008.2998
988.6998
964.8998
941.0998
917.6998
897.4998
877.2998
861.2998
851.5998
841.8998
837.4998
838.7998
845.9998
853.1998
866.0998
883.7998
904.2998
924.7998
946.0998
966.8998
987.6998
-0.0013
15.8987
28.6987
41.4987
51.2987
57.9987
62.1987
66.3987
67.5987
66.4987
65.3987
62.9987
59.1987
55.2987
51.3987
48.4987
47.6987
46.8987
48.8987
53.3987
60.6987
67.9987
77.6987
88.7987
99.8987
112.8987
126.6987
141.0987
155.4987
169.0987
181.7987
194.4987
205.8987
216.6987
227.1987
237.6987
248.0987
257.1987
266.2987
273.9987
280.0987
284.3987
288.6987
292.0987
294.9987
297.7987
300.5987
303.8987
308.4987
313.0987
318.5987
324.8987
331.1987
338.3987
346.3987
354.9987
363.5987
372.5987
382.2987
391.0987
399.8987
407.3987
413.2987
419.1987
423.3987
0.0001
2.6001
5.2001
8.1001
12.0001
15.9001
20.7001
27.2001
35.7001
44.2001
54.2001
65.1001
75.5001
85.9001
95.8001
104.2001
112.6001
120.3001
128.1001
136.4001
144.7001
153.0001
161.1001
169.2001
176.0001
179.9001
182.0001
184.1001
182.6001
181.8001
181.0001
182.0001
186.7001
196.0001
205.3001
221.0001
242.6001
264.2001
290.7001
323.0001
358.8001
394.6001
432.9001
473.0001
513.1001
554.1001
593.8001
634.4001
675.0001
715.7001
757.2001
798.7001
841.6001
886.5001
931.9001
977.3001
1020.7001
1062.1001
1098.7001
1135.3001
1167.9001
1194.5001
1221.1001
-0.0015
13.5985
21.3985
29.1985
29.7985
25.5985
21.3985
14.0985
4.5985
-7.6015
-19.8015
-35.1015
-53.9015
-72.7015
-95.8015
-123.2015
-155.3015
-187.4015
-223.6015
-263.9015
-309.1015
-354.3015
-407.2015
-468.1015
-529.0015
-597.7015
-671.4015
-749.8015
-828.2015
-910.4015
-994.4015
-1078.4015
-1162.4015
-1244.5015
-1322.4015
-1400.3015
-1473.2015
-1540.4015
-1607.6015
-1670.4015
-1730.3015
-1786.7015
-1843.1015
-1897.0015
-1949.1015
-2001.2015
-2052.6015
-2103.9015
-2155.5015
-2207.1015
-2260.6015
-2313.9015
-2367.2015
-2420.3015
-2472.5015
-2523.6015
-2574.7015
-2621.8015
-2663.6015
-2705.4015
-2739.8015
-0.001
-15.901
-31.801
-37.001
-30.601
-24.201
-10.101
12.299
44.499
76.699
121.299
177.499
245.799
314.099
396.699
489.399
582.099
683.299
788.799
896.299
1003.799
1109.299
1211.299
1313.299
1410.199
1501.799
1587.699
1673.599
1754.099
1830.299
1903.699
1977.099
2049.499
2116.999
2184.499
2246.999
2305.199
2357.899
2410.599
2458.399
2500.999
2543.599
2582.499
2617.599
2648.199
2678.799
2704.399
2723.999
2743.599
2757.099
2763.599
2763.399
2763.199
2755.699
2741.399
2727.099
2706.199
2678.999
2644.599
2610.199
0.0023
-46.3977
-92.7977
-143.8977
-199.1977
-258.5977
-317.9977
-379.6977
-441.4977
-501.8977
-562.2977
-621.1977
-676.7977
-732.3977
-782.8977
-828.1977
-866.8977
-905.5977
-936.1977
-959.0977
-981.9977
-996.8977
-1006.1977
-1010.5977
-1014.9977
-1014.9977
-1012.0977
-1009.1977
-1006.4977
-1004.7977
-1005.7977
-1006.7977
-1010.3977
-1017.7977
-1025.1977
-1035.1977
-1047.8977
-1064.2977
-1080.6977
-1102.1977
-1130.3977
-1158.5977
-1195.3977
-1241.5977
-1293.1977
-1344.7977
-1398.5977
-1452.7977
-1502.9977
-1553.1977
-1597.1977
-1632.9977
-1668.7977
-1696.0977
-1714.1977
-1724.5977
-1734.9977
-1741.1977
-1745.7977
-0.0017
-5.4017
-14.5017
-27.8017
-41.1017
-58.5017
-78.7017
-98.9017
-120.9017
-143.4017
-165.1017
-186.8017
-208.9017
-231.9017
-254.9017
-278.2017
-301.9017
-325.6017
-349.5017
-372.3017
-392.9017
-413.5017
-430.5017
-441.9017
-448.4017
-454.9017
-455.7017
-451.8017
-443.6017
-435.4017
-424.4017
-411.9017
-399.4017
-385.8017
-371.5017
-356.0017
-340.5017
-323.9017
-306.3017
-288.7017
-268.9017
-247.5017
-223.2017
-198.9017
-172.7017
-144.9017
-117.1017
-89.4017
-63.6017
-41.3017
-19.0017
-1.6017
10.8983
23.3983
30.8983
34.8983
36.4983
0.0007
0.5007
-0.1993
-0.6993
-1.1993
-0.5993
1.5007
3.6007
8.0007
14.3007
21.7007
29.1007
36.4007
42.1007
47.8007
50.2007
48.5007
43.3007
38.1007
30.8007
23.1007
15.4007
8.6007
2.5007
-3.5993
-9.6993
-15.9993
-24.0993
-32.1993
-41.8993
-54.1993
-66.4993
-80.0993
-94.0993
-108.0993
-122.0993
-134.6993
-145.6993
-154.2993
-162.8993
-168.5993
-171.4993
-174.3993
-173.7993
-169.5993
-160.7993
-151.9993
-138.9993
-122.6993
-104.3993
-86.0993
-67.1993
-49.7993
-32.3993
-17.0993
-4.7993
-0.0007
9.5993
16.1993
20.1993
24.1993
25.2993
23.0993
17.4993
11.8993
4.1993
-4.8007
-13.8007
-22.8007
-31.0007
-38.9007
-46.8007
-53.9007
-60.0007
-65.6007
-71.2007
-77.6007
-85.4007
-93.2007
-102.5007
-114.7007
-130.5007
-146.3007
-166.2007
-189.4007
-212.6007
-237.6007
-262.7007
-284.5007
-306.3007
-321.3007
-323.2007
-325.1007
-312.0007
-285.7007
-247.9007
-210.1007
-167.8007
-126.3007
-84.8007
-49.1007
-23.0007
-7.5007
7.9993
15.3993
16.6993
17.9993
14.8993
9.3993
1.3993
-6.6007
0.0021
-14.6979
-34.2979
-53.8979
-79.7979
-111.3979
-142.9979
-179.5979
-220.6979
-265.4979
-310.2979
-358.7979
-409.5979
-460.3979
-512.4979
-564.3979
-616.3979
-668.3979
-720.1979
-772.3979
-824.5979
-876.9979
-929.7979
-982.7979
-1035.7979
-1088.8979
-1141.7979
-1194.6979
-1246.3979
-1296.5979
-1342.3979
-1388.1979
-1428.5979
-1462.1979
-1487.6979
-1513.1979
-1530.9979
-1542.5979
-1554.1979
-1560.5979
-1563.1979
-1562.9979
-1562.7979
-1559.9979
-1554.7979
-1549.5979
-1541.7979
-1530.6979
-1516.5979
-1502.4979
-1485.5979
-1465.3979
-1445.1979
-1421.1979
-0.0009
27.6991
55.3991
84.0991
111.8991
139.6991
166.6991
191.9991
216.0991
240.1991
263.7991
286.2991
308.7991
332.1991
356.2991
383.1991
410.0991
438.7991
469.3991
502.2991
535.1991
569.6991
605.2991
640.8991
674.7991
707.8991
738.7991
769.6991
796.7991
819.7991
842.7991
860.1991
871.0991
875.3991
879.6991
875.7991
863.6991
851.5991
831.9991
807.8991
781.6991
755.4991
728.3991
701.7991
675.1991
650.9991
628.0991
606.2991
584.4991
564.7991
547.0991
529.3991
514.2991
-0.0022
-10.1022
-20.2022
-26.6022
-30.4022
-30.7022
-31.0022
-28.3022
-23.6022
-18.9022
-12.5022
-4.9022
2.6978
11.5978
22.2978
36.7978
51.2978
71.3978
99.0978
136.7978
174.4978
220.4978
273.8978
327.2978
384.6978
444.6978
504.4978
564.2978
622.7978
679.6978
736.5978
792.4978
849.0978
907.0978
965.0978
1026.1978
1090.5978
1157.3978
1224.1978
1289.7978
1351.1978
1412.5978
1465.7978
1505.6978
1531.3978
1557.0978
1567.1978
1563.2978
1559.3978
1544.6978
1521.6978
1492.0978
-0.0001
-34.9001
-74.3001
-113.7001
-156.1001
-201.4001
-248.7001
-296.0001
-343.3001
-389.6001
-435.9001
-481.3001
-527.7001
-577.9001
-628.1001
-683.3001
-745.4001
-807.5001
-878.1001
-958.0001
-1046.5001
-1135.0001
-1230.6001
-1330.2001
-1431.1001
-1532.0001
-1632.7001
-1729.8001
-1826.9001
-1918.8001
-2004.0001
-2082.7001
-2161.4001
-2235.1001
-2303.2001
-2371.3001
-2431.0001
-2481.0001
-2517.4001
-2553.8001
-2575.3001
-2579.8001
-2584.3001
-2572.6001
-2546.0001
-2506.1001
-2466.2001
-2417.3001
-2362.1001
-2306.9001
-2249.6001
0.0003
52.7003
105.4003
152.2003
191.4003
230.6003
261.8003
283.8003
294.7003
305.6003
308.9003
304.3003
299.7003
290.9003
280.5003
271.1003
261.7003
255.0003
251.7003
250.8003
249.9003
249.7003
249.2003
248.7003
246.8003
244.1003
241.0003
237.9003
235.2003
234.3003
233.4003
235.4003
240.5003
248.7003
256.9003
267.0003
278.4003
289.8003
301.6003
314.0003
327.0003
340.0003
353.6003
368.6003
383.6003
399.7003
416.4003
433.2003
450.0003
465.4003
0.0002
8.5002
17.0002
22.4002
23.1002
23.8002
19.9002
13.1002
4.5002
-4.0998
-13.0998
-20.6998
-28.2998
-33.2998
-36.9998
-39.1998
-41.3998
-43.8998
-48.0998
-52.2998
-58.3998
-66.1998
-74.2998
-82.3998
-89.6998
-94.8998
-100.0998
-101.4998
-99.2998
-91.6998
-84.0998
-73.0998
-58.4998
-42.6998
-26.8998
-10.6998
3.5002
17.7002
27.4002
33.3002
33.1002
32.9002
27.5002
18.8002
10.1002
-0.7998
-12.1998
-21.8998
-31.5998
-0.0005
-5.0005
-10.0005
-11.8005
-11.0005
-8.1005
-5.2005
-0.0005
6.5995
13.1995
20.8995
28.2995
35.0995
41.8995
47.5995
51.7995
54.1995
56.5995
57.4995
56.5995
55.6995
52.6995
48.1995
42.9995
37.7995
32.9995
28.8995
24.7995
22.6995
21.7995
21.3995
20.9995
20.6995
19.4995
18.2995
16.4995
14.1995
11.8995
9.5995
7.7995
6.8995
5.9995
6.1995
7.1995
8.7995
10.3995
14.3995
21.0995
0.0003
10.0003
23.7003
42.9003
62.1003
86.5003
117.0003
154.4003
191.8003
236.1003
285.7003
335.3003
389.7003
448.8003
509.9003
571.0003
633.1003
696.0003
758.9003
820.1003
879.4003
936.2003
993.0003
1046.5003
1097.7003
1148.9003
1196.9003
1241.5003
1282.9003
1324.3003
1361.9003
1395.9003
1429.9003
1459.2003
1483.5003
1501.1003
1518.7003
1528.1003
1529.2003
1530.3003
1521.3003
1499.2003
1463.8003
1428.4003
1379.7003
1317.6003
1242.6003
0.0008
-84.9992
-177.5992
-270.1992
-365.7992
-461.6992
-554.5992
-647.4992
-735.5992
-816.7992
-897.9992
-971.2992
-1035.9992
-1090.1992
-1144.3992
-1188.1992
-1220.2992
-1252.3992
-1272.9992
-1281.0992
-1277.0992
-1273.0992
-1256.9992
-1230.4992
-1203.9992
-1168.1992
-1122.0992
-1067.8992
-1013.6992
-953.3992
-887.9992
-820.4992
-752.9992
-687.1992
-624.4992
-561.7992
-503.6992
-451.6992
-408.2992
-364.8992
-328.0992
-299.2992
-270.4992
-248.9992
-234.6992
-227.2992
0.0
0.4
-5.0
-10.4
-21.4
-37.5
-58.9
-80.3
-106.1
-136.4
-166.7
-202.2
-241.9
-285.0
-328.1
-372.7
-415.3
-457.9
-495.5
-526.6
-548.9
-571.2
-582.1
-582.9
-573.8
-564.7
-548.5
-526.2
-503.9
-476.1
-444.6
-409.5
-374.4
-338.7
-304.2
-269.7
-237.0
-208.4
-179.8
-155.8
-137.9
-129.4
-120.9
-122.5
-135.6
-162.8
-0.0016
-39.1016
-64.8016
-90.5016
-102.5016
-120.8016
-132.0016
-143.2016
-147.3016
-150.2016
-153.9016
-157.6016
-162.6016
-167.4016
-172.2016
-177.2016
-180.0016
-181.4016
-182.8016
-178.9016
-164.7016
-150.5016
-126.8016
-93.7016
-54.0016
-14.3016
30.4984
72.8984
115.2984
126.8984
154.0984
146.3984
138.6984
119.3984
84.6984
49.9984
-9.2016
-50.2016
-106.3016
-162.4016
-214.9016
-255.6016
-296.3016
-329.9016
-341.2016
0.0011
0.7011
14.6011
46.2011
87.4011
128.6011
174.9011
229.0011
283.1011
339.3011
393.0011
442.4011
491.8011
537.0011
578.7011
620.4011
660.7011
695.5011
729.9011
764.3011
795.1011
829.2011
863.3011
904.1011
948.5011
992.5011
1036.5011
1070.8011
1100.4011
1130.0011
1172.0011
1222.9011
1281.3011
1339.7011
1387.3011
1422.1011
1456.9011
1481.5011
1503.2011
1524.9011
1545.2011
1558.5011
1564.3011
1571.3011
-0.0016
-0.6016
-11.3016
-22.0016
-38.1016
-55.7016
-73.3016
-90.2016
-101.4016
-105.7016
-110.0016
-110.3016
-105.3016
-96.8016
-88.3016
-73.9016
-50.7016
-27.5016
0.5984
13.3984
26.1984
23.4984
17.1984
13.4984
9.7984
12.3984
16.3984
17.4984
18.5984
19.9984
22.3984
24.7984
28.9984
33.4984
38.4984
43.4984
52.4984
64.0984
74.8984
85.6984
93.0984
95.4984
97.8984
94.6984
0.0033
-18.1967
-36.3967
-61.8967
-97.7967
-133.6967
-178.7967
-240.0967
-309.8967
-379.6967
-455.6967
-529.1967
-602.6967
-683.6967
-774.5967
-865.4967
-959.9967
-1057.6967
-1148.7967
-1239.8967
-1329.6967
-1420.3967
-1519.1967
-1617.9967
-1719.8967
-1826.4967
-1933.0967
-2039.6967
-2140.8967
-2216.7967
-2292.6967
-2349.0967
-2378.6967
-2383.2967
-2387.8967
-2366.8967
-2326.9967
-2287.0967
-2232.6967
-2171.6967
-2111.4967
-2051.2967
-1993.7967
0.0
49.8
90.3
122.0
144.9
167.8
183.1
190.7
198.3
197.7
201.6
202.2
202.8
204.9
203.4
201.9
194.0
181.5
157.6
133.7
100.7
64.1
21.7
-20.7
-70.7
-107.6
-144.5
-169.8
-191.4
-210.8
-230.2
-235.6
-221.7
-207.8
-185.6
-154.2
-114.1
-74.0
-25.5
19.4
64.3
114.4
-0.0019
58.0981
116.1981
160.1981
155.6981
151.1981
122.5981
110.9981
98.8981
86.7981
75.1981
63.4981
51.2981
39.0981
36.0981
35.1981
34.2981
36.8981
41.5981
47.3981
53.1981
54.0981
53.6981
53.2981
55.6981
60.3981
64.4981
68.5981
72.6981
76.4981
80.2981
83.0981
87.4981
91.2981
95.0981
97.0981
95.8981
94.6981
90.7981
84.0981
78.8981
73.6981
0.0
4.9
9.8
14.7
16.5
13.8
11.1
6.2
3.1
4.2
5.3
9.5
13.4
17.3
18.8
16.4
14.0
10.0
7.0
7.1
7.2
9.5
12.6
14.2
15.8
15.0
12.8
10.6
8.9
8.5
9.8
11.1
12.6
13.1
13.6
12.7
11.5
10.8
10.1
10.6
12.0
0.0
1.3
1.6
0.7
-0.2
-1.7
-2.9
-2.9
-2.9
-1.8
-0.2
1.4
2.2
1.9
1.6
0.6
-0.3
-0.3
-0.3
-0.1
0.3
0.2
0.1
-0.1
-0.5
-0.9
-0.9
-0.4
0.1
0.6
0.9
0.7
0.5
0.0
-0.6
-1.0
-1.4
-1.2
-0.4
0.4
1.0
0.0003
-0.2997
-0.5997
-0.9997
-1.2997
-1.2997
-1.2997
-0.9997
-0.7997
-0.5997
-0.7997
-0.8997
-0.8997
-0.8997
-0.8997
-0.6997
-0.4997
-0.3997
-0.1997
-0.1997
-0.1997
-0.3997
-0.4997
-0.5997
-0.6997
-0.7997
-0.5997
-0.3997
0.0003
0.2003
0.4003
0.3003
0.4003
0.4003
0.4003
0.6003
0.8003
0.7003
0.6003
0.3003
0.0004
-0.1996
-0.1996
-0.0996
0.0004
0.1004
0.2004
0.3004
0.4004
0.6004
0.5004
0.2004
-0.0996
-0.0996
-0.1996
-0.2996
-0.1996
-0.1996
-0.0996
0.0004
-0.2996
-0.1996
-0.0996
0.1004
0.4004
0.4004
0.4004
0.2004
0.1004
-0.0996
-0.2996
-0.3996
-0.3996
-0.3996
-0.1996
0.0004
0.2004
0.4004
0.5004
0.5004
0.0
-0.2
-0.3
-0.4
-0.5
-0.5
-0.5
-0.5
-0.4
-0.3
-0.2
-0.1
0.1
0.1
0.1
0.3
0.3
0.3
0.3
0.3
0.3
0.3
0.4
0.5
0.6
0.7
0.9
0.8
0.6
0.4
0.2
0.1
0.0
0.1
0.2
0.4
0.6
0.8
0.8
0.0001
0.0001
-0.0999
-0.1999
-0.2999
-0.3999
-0.3999
-0.3999
-0.2999
-0.2999
-0.1999
-0.0999
0.0001
0.1001
0.2001
0.2001
0.1001
0.0001
-0.0999
-0.3999
-0.4999
-0.5999
-0.6999
-0.3999
-0.2999
-0.1999
-0.0999
0.0001
0.1001
0.2001
0.1001
-0.1999
-0.4999
-0.5999
-0.4999
-0.5999
-0.6999
-0.6999
-0.6999
-0.0002
0.1998
0.2998
0.2998
0.2998
0.2998
0.2998
0.2998
0.1998
0.0998
0.0998
0.0998
-0.0002
-0.0002
-0.0002
0.0998
0.2998
0.1998
0.0998
-0.0002
-0.0002
-0.0002
-0.0002
-0.0002
-0.0002
-0.0002
0.0998
0.0998
0.0998
0.1998
0.2998
0.2998
0.2998
0.1998
0.1998
0.1998
0.1998
0.0998
-0.0002
-0.1002
-0.1002
-0.0002
-0.1002
-0.2002
-0.2002
-0.3002
-0.4002
-0.4002
-0.6002
-0.7002
-0.8002
-0.8002
-0.8002
-0.8002
-0.8002
-0.9002
-0.9002
-0.9002
-0.9002
-1.0002
-1.0002
-1.0002
-1.0002
-0.9002
-0.8002
-0.9002
-0.9002
-0.9002
-0.9002
-1.0002
-1.2002
-1.4002
-1.5002
-1.4002
-1.4002
-1.4002
0.0001
0.0001
0.0001
0.1001
0.1001
0.2001
0.3001
0.3001
0.2001
0.1001
0.1001
0.1001
0.1001
0.1001
0.1001
0.2001
0.3001
0.4001
0.4001
0.2001
0.0001
-0.0999
-0.0999
-0.1999
-0.2999
-0.2999
-0.2999
-0.2999
-0.0999
-0.0999
-0.0999
-0.0999
0.0001
0.0001
0.0001
0.1001
0.2001
0.0009
0.0009
0.0009
0.1009
0.2009
0.2009
0.2009
0.2009
0.2009
0.2009
0.1009
0.0009
0.1009
0.1009
0.1009
0.1009
0.2009
0.2009
0.2009
0.3009
0.3009
0.4009
0.5009
0.4009
0.4009
0.4009
0.3009
0.2009
0.2009
0.2009
0.1009
0.1009
0.1009
0.1009
0.0009
0.0009
0.0009
0.0
-0.1
-0.2
-0.3
-0.2
-0.2
-0.2
-0.1
-0.1
-0.1
-0.1
-0.1
-0.1
-0.1
-0.2
-0.1
0.0
0.1
0.0
0.1
0.1
0.1
0.1
0.2
0.3
0.4
0.5
0.5
0.5
0.4
0.1
-0.2
-0.3
-0.4
-0.4
-0.4
0.0
0.0
0.0
0.1
-0.1
0.0
0.1
0.2
0.1
0.0
0.0
-0.1
-0.1
-0.1
-0.1
0.0
0.1
0.2
0.3
0.3
0.3
0.3
0.4
0.3
0.2
0.3
0.4
0.5
0.6
0.8
0.8
0.8
0.8
0.8
0.8
0.7
0.0003
0.1003
0.2003
0.2003
0.1003
0.0003
0.1003
0.1003
0.0003
-0.0997
-0.0997
-0.0997
-0.0997
-0.0997
-0.1997
-0.1997
-0.1997
-0.2997
-0.3997
-0.4997
-0.3997
-0.2997
-0.2997
-0.2997
-0.1997
-0.1997
-0.1997
-0.1997
-0.1997
-0.1997
-0.1997
-0.0997
-0.0997
-0.1997
-0.2997
-0.3997
0.0
0.0
-0.1
0.0
0.1
0.2
0.2
0.3
0.4
0.4
0.5
0.5
0.5
0.5
0.7
0.9
0.9
0.8
0.9
1.0
1.1
1.0
1.1
1.2
1.1
1.0
0.9
0.8
0.9
1.0
1.1
1.0
0.9
0.8
0.8
0.0
0.1
0.2
0.1
0.2
0.3
0.3
0.3
0.3
0.3
0.3
0.2
0.1
-0.1
-0.1
0.0
0.1
0.1
0.1
0.2
0.3
0.3
0.3
0.3
0.2
0.2
0.3
0.4
0.6
0.6
0.6
0.5
0.4
0.4
0.4
0.0003
0.0003
0.0003
0.0003
0.1003
0.1003
0.1003
0.2003
0.2003
0.2003
0.2003
0.1003
-0.0997
-0.2997
-0.2997
-0.3997
-0.4997
-0.3997
-0.4997
-0.4997
-0.4997
-0.4997
-0.3997
-0.2997
-0.1997
-0.1997
-0.1997
-0.1997
-0.4997
-0.7997
-0.7997
-0.7997
-0.7997
-0.5997
0.0
0.1
0.2
0.3
0.4
0.5
0.6
0.7
0.6
0.6
0.5
0.4
0.3
0.3
0.3
0.2
0.1
0.2
0.3
0.3
0.4
0.5
0.6
0.6
0.6
0.6
0.6
0.4
0.3
0.2
0.2
0.3
0.4
0.6
0.0
0.0
0.0
0.0
-0.2
-0.4
-0.6
-0.6
-0.5
-0.4
-0.2
-0.1
0.0
0.2
0.3
0.4
0.4
0.3
0.3
0.3
0.2
0.3
0.4
0.5
0.6
0.8
0.9
1.0
1.1
1.1
1.1
1.0
0.9
0.7
0.0004
-0.0996
-0.2996
-0.4996
-0.4996
-0.5996
-0.4996
-0.3996
-0.2996
-0.1996
-0.0996
-0.0996
0.0004
-0.2996
-0.5996
-0.6996
-0.6996
-0.6996
-0.6996
-0.4996
-0.4996
-0.4996
-0.4996
-0.3996
-0.2996
-0.2996
-0.2996
-0.2996
-0.2996
-0.2996
-0.3996
-0.2996
-0.1996
0.0005
0.0005
0.0005
0.1005
0.1005
0.0005
-0.0995
-0.1995
-0.1995
-0.1995
-0.2995
-0.3995
-0.4995
-0.5995
-0.5995
-0.5995
-0.5995
-0.4995
-0.4995
-0.5995
-0.6995
-0.6995
-0.7995
-0.8995
-0.8995
-0.9995
-1.0995
-1.1995
-1.0995
-1.0995
-0.9995
-0.8995
-0.6995
-0.0001
0.0999
0.2999
0.1999
0.2999
0.3999
0.2999
0.2999
0.2999
0.2999
0.3999
0.4999
0.5999
0.6999
0.6999
0.6999
0.5999
0.5999
0.4999
0.3999
0.1999
0.1999
0.1999
0.1999
0.1999
0.2999
0.3999
0.4999
0.5999
0.6999
0.4999
0.4999
0.4999
0.0001
-0.1999
-0.1999
-0.1999
-0.1999
-0.0999
0.2001
0.5001
0.5001
0.6001
0.5001
0.4001
0.4001
0.5001
0.6001
0.6001
0.5001
0.5001
0.5001
0.4001
0.5001
0.6001
0.5001
0.6001
0.5001
0.4001
0.4001
0.3001
0.2001
0.1001
0.1001
0.1001
-0.0002
0.0998
0.0998
0.0998
0.0998
-0.0002
-0.0002
-0.0002
-0.0002
0.0998
-0.0002
-0.1002
-0.3002
-0.3002
-0.3002
-0.3002
-0.3002
-0.3002
-0.3002
-0.3002
-0.3002
-0.3002
-0.3002
-0.3002
-0.3002
-0.3002
-0.4002
-0.3002
-0.2002
-0.3002
-0.4002
-0.3002
-0.0002
-0.0002
0.0998
0.1998
0.0998
0.0998
0.0998
0.0998
0.0998
-0.0002
-0.1002
-0.1002
-0.1002
0.0998
0.2998
0.3998
0.3998
0.2998
0.1998
0.0998
0.0998
0.0998
0.0998
-0.0002
0.0998
0.1998
0.3998
0.3998
0.3998
0.3998
0.3998
0.3998
-0.0002
-0.0002
-0.0002
-0.0002
-0.1002
-0.1002
-0.1002
-0.2002
-0.3002
-0.3002
-0.3002
-0.3002
-0.3002
-0.2002
-0.1002
-0.1002
-0.1002
-0.1002
-0.1002
-0.0002
-0.0002
-0.0002
0.1998
0.2998
0.2998
0.2998
0.0998
0.0998
0.0998
0.0998
0.1998
-0.0002
-0.0002
-0.0002
-0.1002
-0.2002
-0.1002
-0.1002
-0.0002
0.0998
0.0998
0.0998
0.0998
0.0998
0.0998
0.0998
0.0998
0.0998
0.1998
0.2998
0.3998
0.4998
0.5998
0.6998
0.6998
0.5998
0.5998
0.5998
0.5998
0.5998
0.5998
0.4998
0.6998
0.0
0.0
0.1
0.1
0.1
0.1
0.0
0.0
0.0
0.0
0.1
0.2
0.1
-0.1
-0.1
-0.1
-0.1
0.0
0.1
0.0
-0.1
0.0
0.1
0.0
-0.1
-0.2
-0.1
-0.2
-0.3
-0.4
-0.3
0.0001
0.1001
0.2001
0.3001
0.3001
0.3001
0.2001
0.1001
0.1001
0.1001
0.0001
-0.0999
-0.1999
-0.0999
0.2001
0.2001
0.2001
0.3001
0.3001
0.3001
0.2001
0.2001
0.1001
0.0001
-0.0999
-0.1999
-0.2999
-0.1999
-0.0999
0.0001
0.1001
-0.0003
0.0997
-0.0003
-0.1003
-0.2003
-0.1003
-0.0003
0.0997
0.0997
0.0997
0.0997
0.0997
0.0997
0.0997
0.1997
0.0997
-0.0003
-0.1003
-0.2003
-0.3003
-0.4003
-0.5003
-0.4003
-0.6003
-0.8003
-0.8003
-0.7003
-0.6003
-0.6003
-0.5003
-0.0001
0.0999
0.1999
0.2999
0.3999
0.2999
0.3999
0.4999
0.5999
0.4999
0.3999
0.3999
0.3999
0.3999
0.2999
0.1999
0.1999
0.2999
0.3999
0.4999
0.4999
0.3999
0.2999
0.4999
0.3999
0.4999
0.5999
0.5999
0.7999
0.9999
0.0
0.0
0.0
0.0
0.2
0.2
0.2
0.3
0.3
0.4
0.5
0.5
0.6
0.5
0.4
0.3
0.2
0.1
0.1
0.0
-0.2
-0.4
-0.2
-0.1
0.0
0.0
0.0
0.0
0.0
0.0
-0.0002
-0.2002
-0.2002
-0.2002
-0.1002
-0.0002
-0.0002
-0.0002
-0.0002
-0.0002
0.0998
0.0998
0.0998
0.0998
-0.0002
-0.1002
-0.0002
-0.1002
-0.2002
-0.3002
-0.2002
-0.1002
-0.1002
-0.1002
0.0998
0.1998
0.2998
0.2998
0.3998
0.3998
0.0
0.0
0.2
0.4
0.5
0.4
0.4
0.4
0.5
0.5
0.5
0.6
0.7
0.7
0.7
0.7
0.6
0.5
0.5
0.5
0.5
0.5
0.5
0.6
0.5
0.4
0.4
0.4
0.4
-0.0001
-0.0001
0.0999
0.1999
0.2999
0.2999
0.2999
0.3999
0.1999
0.0999
-0.0001
-0.0001
0.1999
0.3999
0.3999
0.3999
0.4999
0.5999
0.5999
0.4999
0.3999
0.3999
0.3999
0.3999
0.3999
0.4999
0.4999
0.4999
0.4999
-0.0002
0.0998
0.1998
0.1998
0.1998
0.4998
0.7998
0.6998
0.6998
0.6998
0.8998
0.8998
0.9998
1.0998
0.9998
1.0998
1.1998
1.1998
1.2998
1.3998
1.4998
1.2998
1.2998
1.2998
1.1998
1.0998
0.8998
0.6998
0.7998
-0.0002
-0.0002
-0.0002
-0.1002
-0.1002
-0.1002
-0.2002
-0.2002
-0.2002
-0.1002
-0.1002
-0.1002
-0.1002
-0.0002
-0.0002
-0.0002
-0.0002
-0.0002
0.0998
0.1998
0.1998
0.1998
0.2998
0.3998
0.4998
0.5998
0.6998
0.6998
0.6998
0.0
0.1
0.2
0.2
0.2
0.2
0.2
0.2
0.2
0.1
0.2
0.3
0.3
0.3
0.3
0.3
0.4
0.3
0.2
0.1
0.0
-0.1
-0.2
-0.2
-0.1
0.1
0.3
0.3
0.3
0.0
0.0
-0.2
-0.2
-0.2
-0.3
-0.3
-0.3
-0.3
-0.5
-0.4
-0.3
-0.2
-0.2
-0.2
-0.1
0.0
0.0
0.0
0.0
0.0
0.0
-0.1
0.0
0.0
0.0
0.0
0.0
0.0002
0.1002
0.1002
0.0002
-0.0998
-0.0998
-0.1998
-0.2998
-0.3998
-0.5998
-0.5998
-0.5998
-0.5998
-0.5998
-0.5998
-0.5998
-0.4998
-0.5998
-0.6998
-0.4998
-0.4998
-0.3998
-0.2998
-0.2998
-0.1998
-0.0998
-0.0998
-0.0998
-0.0002
-0.0002
-0.0002
-0.0002
-0.0002
0.0998
0.0998
0.0998
0.0998
0.0998
0.0998
-0.0002
-0.1002
-0.2002
-0.2002
-0.2002
-0.1002
-0.1002
-0.1002
-0.1002
-0.2002
-0.3002
-0.4002
-0.6002
-0.6002
-0.6002
-0.6002
-0.4002
-0.0002
0.0998
0.0998
-0.0002
-0.1002
-0.2002
-0.4002
-0.4002
-0.4002
-0.4002
-0.4002
-0.3002
-0.2002
-0.0002
0.0998
0.0998
0.0998
0.1998
0.0998
-0.0002
-0.0002
-0.0002
-0.0002
-0.0002
-0.0002
0.0998
0.1998
0.2998
0.0003
0.1003
0.2003
0.3003
0.3003
0.3003
0.3003
0.3003
0.3003
0.4003
0.4003
0.5003
0.6003
0.7003
1.0003
1.2003
1.4003
1.6003
1.6003
1.6003
1.6003
1.5003
1.3003
1.1003
1.2003
1.3003
1.4003
0.0001
0.0001
0.0001
0.0001
0.0001
-0.0999
-0.1999
-0.2999
-0.3999
-0.5999
-0.7999
-0.8999
-0.8999
-0.9999
-1.0999
-1.0999
-0.7999
-0.4999
-0.4999
-0.4999
-0.4999
-0.4999
-0.4999
-0.5999
-0.6999
-0.6999
-0.6999
0.0001
0.0001
0.0001
0.1001
0.2001
0.2001
0.2001
0.2001
0.2001
0.1001
0.0001
-0.1999
-0.3999
-0.3999
-0.4999
-0.5999
-0.5999
-0.5999
-0.5999
-0.5999
-0.6999
-0.7999
-0.8999
-0.9999
-1.0999
-1.0999
-1.0999
0.0006
-0.1994
-0.3994
-0.3994
-0.4994
-0.5994
-0.6994
-0.6994
-0.6994
-0.6994
-0.6994
-0.7994
-0.6994
-0.5994
-0.4994
-0.3994
-0.3994
-0.3994
-0.3994
-0.1994
0.0006
0.1006
-0.0994
-0.0994
-0.0994
-0.1994
-0.1994
0.0
0.1
0.1
0.1
0.1
0.1
0.1
0.1
0.1
0.2
0.2
0.2
0.2
0.1
0.0
0.0
0.0
0.0
0.0
-0.1
-0.2
-0.2
-0.2
-0.2
-0.2
-0.2
-0.1
0.0
0.0
0.0
0.1
0.1
0.1
0.1
0.2
0.2
0.2
0.1
0.2
0.3
0.3
0.3
0.3
0.3
0.4
0.4
0.4
0.3
0.4
0.4
0.4
0.4
0.4
0.4
0.0001
0.0001
0.0001
0.0001
0.0001
0.0001
0.1001
0.2001
0.3001
0.1001
-0.0999
-0.0999
0.0001
0.0001
0.0001
0.0001
0.0001
0.0001
0.1001
0.1001
0.1001
0.1001
0.1001
0.1001
0.1001
0.1001
0.0
0.1
0.2
0.1
0.0
-0.1
0.0
-0.1
-0.1
-0.1
-0.1
0.0
0.1
0.1
0.2
0.2
0.2
0.2
0.2
0.0
-0.2
-0.3
-0.4
-0.5
-0.5
-0.5
-0.0002
0.0998
0.0998
0.1998
0.2998
0.2998
0.3998
0.1998
-0.0002
-0.1002
-0.2002
-0.3002
-0.5002
-0.4002
-0.4002
-0.4002
-0.3002
-0.2002
-0.1002
-0.1002
-0.2002
-0.2002
-0.2002
-0.2002
-0.2002
-0.2002
0.0
0.0
-0.1
-0.2
-0.2
-0.2
-0.2
-0.2
-0.2
-0.2
-0.2
-0.2
-0.2
-0.2
-0.2
-0.2
-0.2
-0.2
-0.2
-0.1
0.0
0.1
0.1
0.1
0.1
0.0
0.0
0.0
0.0
-0.1
-0.1
-0.1
-0.1
-0.1
-0.2
-0.3
-0.3
-0.2
-0.2
-0.2
-0.1
-0.1
-0.1
-0.1
-0.1
-0.2
-0.3
-0.1
-0.1
-0.1
0.0
0.0
-0.0001
-0.0001
-0.0001
-0.0001
-0.0001
-0.0001
-0.2001
-0.2001
-0.2001
-0.1001
-0.0001
0.0999
0.1999
0.0999
0.1999
0.2999
0.1999
0.2999
0.3999
0.4999
0.4999
0.2999
0.0999
0.0999
0.0999
0.0
0.1
0.0
0.0
0.0
-0.1
-0.1
-0.2
-0.3
-0.2
-0.2
-0.2
-0.3
-0.3
-0.3
-0.3
-0.3
-0.3
-0.3
-0.3
-0.3
-0.3
-0.3
-0.4
-0.3
0.0006
0.1006
0.2006
0.2006
0.2006
0.2006
0.2006
0.1006
0.0006
0.0006
0.0006
0.0006
0.0006
0.0006
0.0006
0.0006
0.0006
0.0006
0.0006
0.1006
0.2006
0.1006
0.0006
-0.0994
-0.1994
0.0
-0.1
-0.1
-0.1
-0.1
0.0
0.0
0.0
0.0
0.0
0.0
0.0
0.1
0.1
0.1
0.0
0.0
-0.1
-0.2
-0.2
-0.1
-0.2
-0.3
-0.2
-0.3
0.0
-0.1
-0.1
-0.2
-0.3
-0.3
-0.3
-0.3
-0.3
-0.4
-0.4
-0.4
-0.3
-0.3
-0.3
-0.3
-0.2
-0.2
-0.2
-0.3
-0.3
-0.3
-0.3
-0.3
-0.3
-0.0001
-0.0001
-0.1001
-0.2001
-0.3001
-0.3001
-0.2001
-0.1001
-0.2001
-0.3001
-0.3001
-0.3001
-0.3001
-0.3001
-0.3001
-0.1001
-0.2001
-0.2001
-0.2001
-0.2001
-0.2001
-0.2001
-0.3001
-0.3001
-0.2001
0.0
-0.1
0.0
0.1
0.1
0.1
0.1
0.1
0.1
0.0
-0.1
0.0
0.0
0.1
0.2
0.3
0.3
0.2
0.1
0.1
0.1
0.1
0.1
0.2
0.1
-0.0003
0.0997
0.1997
0.2997
0.2997
0.2997
0.2997
0.3997
0.2997
0.2997
0.2997
0.2997
0.1997
0.1997
0.1997
0.1997
0.1997
0.1997
0.1997
0.0997
0.1997
0.2997
0.2997
0.2997
-0.0001
-0.0001
-0.1001
-0.1001
-0.1001
-0.1001
-0.2001
-0.2001
-0.2001
-0.4001
-0.5001
-0.6001
-0.5001
-0.4001
-0.4001
-0.4001
-0.4001
-0.6001
-0.8001
-1.0001
-1.0001
-1.1001
-1.2001
-1.0001
0.0
0.0
0.1
0.1
0.1
0.1
0.1
0.1
0.1
0.0
0.0
0.0
0.0
0.1
0.1
0.2
0.3
0.4
0.4
0.4
0.5
0.5
0.6
0.7
0.0
-0.2
-0.4
-0.1
-0.1
-0.1
-0.1
-0.2
-0.2
-0.2
-0.1
-0.1
-0.1
0.0
0.1
0.1
0.1
0.1
0.1
0.1
0.1
0.1
-0.1
-0.1
0.0
0.1
0.1
0.1
0.0
0.0
0.0
0.0
-0.1
-0.1
-0.1
-0.1
0.0
-0.1
-0.2
-0.2
-0.1
0.0
0.0
0.1
0.2
0.3
0.4
0.4
0.0001
-0.1999
-0.1999
-0.0999
0.0001
0.0001
0.1001
0.2001
0.2001
0.1001
0.1001
0.1001
0.0001
-0.0999
-0.1999
-0.2999
-0.1999
-0.2999
-0.3999
-0.2999
-0.2999
-0.2999
-0.2999
-0.4999
0.0001
0.0001
0.0001
-0.0999
0.0001
0.1001
0.2001
0.3001
0.4001
0.4001
0.6001
0.7001
0.8001
0.8001
0.8001
0.8001
0.8001
0.7001
0.7001
0.7001
0.7001
0.9001
1.1001
1.2001
0.0006
-0.0994
-0.1994
-0.2994
-0.4994
-0.4994
-0.4994
-0.4994
-0.5994
-0.6994
-0.6994
-0.6994
-0.4994
-0.2994
-0.1994
-0.0994
0.0006
0.0006
-0.0994
-0.1994
-0.2994
-0.3994
-0.3994
-0.0001
-0.0001
-0.0001
-0.1001
-0.2001
-0.2001
-0.2001
-0.2001
-0.1001
-0.1001
-0.1001
-0.0001
-0.1001
-0.0001
0.0999
0.1999
0.1999
0.3999
0.5999
0.5999
0.4999
0.5999
0.6999
0.0003
0.0003
0.0003
0.0003
0.0003
0.0003
0.0003
-0.0997
0.0003
0.1003
0.1003
0.0003
-0.0997
-0.1997
-0.2997
-0.3997
-0.4997
-0.4997
-0.4997
-0.4997
-0.4997
-0.3997
-0.3997
0.0
0.0
0.0
0.0
0.0
0.0
0.0
0.0
0.0
0.1
0.1
0.1
0.1
0.1
0.1
0.2
0.2
0.2
0.2
0.2
0.1
0.1
0.1
-0.0001
0.0999
0.1999
0.2999
0.3999
0.3999
0.3999
0.3999
0.2999
0.1999
0.0999
-0.0001
-0.0001
-0.0001
-0.0001
-0.0001
-0.0001
0.0999
0.1999
0.1999
0.1999
0.0999
-0.1001
-0.0002
-0.1002
-0.1002
-0.2002
-0.3002
-0.4002
-0.4002
-0.4002
-0.4002
-0.3002
-0.2002
-0.1002
-0.2002
-0.2002
-0.2002
-0.2002
-0.3002
-0.4002
-0.5002
-0.5002
-0.5002
-0.5002
-0.5002
0.0005
0.0005
0.0005
-0.0995
-0.0995
-0.0995
-0.0995
0.0005
0.0005
0.0005
0.0005
-0.1995
-0.1995
-0.1995
-0.1995
0.0005
0.0005
0.0005
0.2005
0.2005
0.2005
0.3005
0.4005
0.0002
-0.1998
-0.1998
-0.4998
-0.7998
-0.6998
-0.6998
-0.6998
-0.6998
-0.6998
-0.5998
-0.4998
-0.4998
-0.5998
-0.6998
-0.7998
-0.6998
-0.7998
-0.8998
-0.7998
-0.6998
-0.5998
0.0003
0.0003
0.1003
0.1003
0.1003
0.1003
0.1003
0.1003
0.1003
0.1003
0.1003
0.1003
0.2003
0.0003
-0.1997
-0.1997
-0.1997
-0.1997
-0.1997
-0.1997
-0.0997
0.0003
0.0002
-0.1998
-0.1998
-0.1998
-0.1998
-0.1998
-0.1998
-0.2998
-0.2998
-0.2998
-0.2998
-0.3998
-0.4998
-0.5998
-0.5998
-0.5998
-0.5998
-0.5998
-0.5998
-0.4998
-0.1998
0.1002
0.0001
0.0001
0.0001
0.1001
0.0001
-0.0999
-0.1999
0.0001
0.1001
0.2001
0.1001
0.1001
0.1001
0.2001
0.2001
0.3001
0.4001
0.5001
0.5001
0.4001
0.3001
0.3001
0.0
0.0
0.0
0.0
0.0
0.0
0.0
0.0
0.1
0.2
0.0
0.0
0.0
0.1
-0.1
-0.2
-0.3
-0.3
-0.3
-0.3
-0.3
-0.4
0.0005
0.0005
0.0005
0.0005
0.0005
0.0005
0.0005
0.0005
0.0005
0.1005
0.0005
-0.0995
0.0005
-0.0995
-0.1995
-0.2995
-0.2995
-0.1995
-0.0995
-0.0995
-0.1995
-0.0995
0.0002
0.1002
0.1002
0.1002
0.1002
0.1002
0.1002
0.1002
0.1002
0.0002
-0.0998
-0.1998
-0.1998
-0.3998
-0.5998
-0.5998
-0.5998
-0.5998
-0.5998
-0.5998
-0.4998
-0.3998
0.0
0.1
0.1
0.1
0.0
-0.1
-0.2
-0.3
-0.3
-0.3
-0.3
-0.3
-0.2
-0.1
-0.1
-0.1
-0.1
-0.1
-0.2
-0.3
-0.3
-0.3
0.0007
0.0007
0.0007
0.0007
0.0007
0.0007
0.0007
0.0007
0.1007
0.2007
0.2007
0.0007
0.0007
0.0007
-0.1993
-0.4993
-0.7993
-0.8993
-1.0993
-1.0993
-1.0993
-1.0993
0.0
0.0
0.1
0.1
0.0
-0.1
0.0
0.1
0.0
-0.1
0.0
-0.2
-0.4
-0.5
-0.5
-0.5
-0.5
-0.5
-0.5
-0.5
-0.5
0.0
0.0
0.0
0.0
0.0
0.0
0.0
0.0
0.0
0.0
0.1
0.1
0.1
0.1
0.1
0.1
0.1
0.0
0.0
0.0
0.1
0.0
-0.1
-0.2
0.0
0.0
0.2
0.4
0.3
0.1
-0.1
-0.1
-0.1
-0.1
-0.1
-0.1
-0.2
-0.3
-0.3
-0.3
-0.3
-0.1
-0.0001
0.0999
0.1999
0.1999
0.1999
0.0999
-0.0001
-0.1001
-0.1001
-0.1001
-0.1001
-0.0001
-0.0001
-0.0001
-0.1001
-0.2001
-0.3001
-0.2001
-0.3001
-0.3001
-0.3001
-0.0004
0.0996
0.1996
0.2996
0.2996
0.3996
0.4996
0.3996
0.4996
0.5996
0.6996
0.6996
0.6996
0.6996
0.6996
0.6996
0.6996
0.7996
0.9996
0.9996
0.9996
-0.0002
0.0998
-0.0002
-0.1002
-0.0002
0.1998
0.3998
0.1998
0.0998
0.0998
0.0998
-0.0002
0.1998
0.1998
0.1998
0.2998
0.3998
0.4998
0.4998
0.0998
-0.0002
0.0
-0.1
-0.2
-0.3
-0.2
-0.2
-0.3
-0.4
-0.3
-0.5
-0.7
-0.8
-0.9
-0.9
-0.9
-1.0
-1.1
-1.2
-1.2
-1.2
-1.1
0.0
0.2
0.2
0.2
0.3
0.2
0.0
-0.2
-0.4
-0.5
-0.6
-0.7
-0.7
-0.5
-0.3
-0.3
-0.3
-0.3
-0.3
-0.3
-0.3
0.0
-0.1
-0.1
0.0
0.1
0.1
0.2
0.3
0.4
0.5
0.7
0.9
0.9
0.9
0.9
0.9
0.8
0.9
1.0
1.1
1.2
-0.0001
0.1999
0.2999
0.3999
0.4999
0.6999
0.6999
0.6999
0.6999
0.7999
0.5999
0.3999
0.3999
0.2999
0.3999
0.4999
0.4999
0.4999
0.4999
0.5999
0.5999
-0.0002
-0.1002
-0.2002
-0.4002
-0.6002
-0.6002
-0.5002
-0.4002
-0.3002
-0.2002
-0.2002
-0.2002
-0.3002
-0.4002
-0.5002
-0.6002
-0.7002
-0.7002
-0.8002
-0.9002
-0.0001
0.0999
0.1999
0.2999
0.2999
0.2999
0.2999
0.2999
0.2999
0.2999
0.1999
0.0999
-0.0001
-0.1001
-0.3001
-0.3001
-0.3001
-0.2001
-0.1001
-0.0001
-0.001
-0.101
-0.101
-0.101
-0.201
-0.201
-0.201
-0.201
-0.201
-0.401
-0.601
-0.501
-0.301
-0.201
-0.101
-0.201
-0.201
-0.101
-0.001
-0.101
0.0003
0.0003
-0.0997
-0.1997
-0.2997
-0.2997
-0.2997
-0.1997
-0.0997
0.1003
0.1003
0.1003
0.1003
0.2003
0.2003
0.2003
0.1003
0.2003
0.1003
0.0003
0.0
0.0
0.0
0.0
0.0
-0.1
-0.2
-0.2
-0.3
-0.4
-0.5
-0.6
-0.6
-0.6
-0.7
-0.7
-0.7
-0.7
-0.7
-0.6
-0.0001
-0.0001
-0.1001
-0.1001
-0.1001
-0.2001
-0.2001
-0.2001
-0.2001
-0.2001
-0.2001
-0.2001
-0.3001
-0.3001
-0.3001
-0.3001
-0.2001
-0.2001
-0.2001
-0.2001
-0.0007
-0.1007
-0.2007
-0.4007
-0.3007
-0.2007
-0.2007
-0.1007
-0.0007
0.0993
0.0993
-0.0007
-0.1007
-0.2007
-0.0007
-0.0007
-0.0007
-0.0007
-0.1007
-0.2007
-0.0002
0.0998
0.1998
0.1998
0.1998
0.1998
0.1998
0.1998
0.2998
0.0998
-0.1002
-0.2002
-0.2002
-0.2002
-0.2002
-0.2002
-0.1002
-0.0002
0.2998
0.2998
0.0001
0.2001
0.1001
-0.2999
-0.6999
-0.6999
-0.7999
-0.7999
-0.7999
-0.4999
-0.3999
-0.2999
-0.1999
-0.1999
-0.1999
-0.2999
-0.3999
-0.4999
-0.5999
-0.7999
-0.0006
-0.0006
-0.0006
0.0994
-0.0006
-0.1006
-0.1006
-0.1006
-0.3006
-0.5006
-0.7006
-0.9006
-1.1006
-1.1006
-1.3006
-1.7006
-2.1006
-2.3006
-2.1006
-1.9006
-0.0002
0.5998
1.0998
1.5998
1.5998
1.1998
0.7998
0.1998
-0.0002
-0.0002
-0.0002
0.0998
0.1998
0.2998
0.3998
0.1998
-0.0002
-0.2002
-0.3002
-0.1002
-0.0001
0.2999
0.4999
0.3999
0.2999
0.0999
-0.4001
-0.4001
-0.4001
0.0999
0.5999
1.0999
1.4999
1.6999
1.6999
1.6999
1.4999
